1.933170 0.242805 -2.994813
1.933170 0.242805 1.824828
1.933369 0.241163 1.852540
1.933931 0.236345 1.879119
1.934803 0.228520 1.904322
1.935935 0.217852 1.927904
1.937274 0.204507 1.949623
1.938768 0.188652 1.969236
1.940366 0.170451 1.986499
1.942015 0.150072 2.001168
1.943664 0.127680 2.013002
1.945261 0.103441 2.021755
1.946754 0.077521 2.027186
1.948090 0.050086 2.029050
1.947980 0.024566 2.027186
1.947735 -0.000177 2.021755
1.947383 -0.023870 2.013002
1.946951 -0.046235 2.001168
1.946467 -0.067000 1.986499
1.945958 -0.085888 1.969236
1.945453 -0.102625 1.949623
1.944977 -0.116935 1.927904
1.944560 -0.128544 1.904322
1.944228 -0.137177 1.879119
1.944008 -0.142558 1.852540
1.943929 -0.144413 1.824828
1.943929 -0.144413 1.729997
1.943929 -0.144413 1.467817
1.943929 -0.144413 1.071759
1.943929 -0.144413 0.575291
1.943929 -0.144413 0.011884
1.943929 -0.144413 -0.584993
1.943929 -0.144413 -1.181870
1.943929 -0.144413 -1.745277
1.943929 -0.144413 -2.241745
1.943929 -0.144413 -2.637804
1.943929 -0.144413 -2.899983
1.943929 -0.144413 -2.994814
1.944008 -0.142558 -3.022526
1.944228 -0.137177 -3.049106
1.944560 -0.128544 -3.074307
1.944977 -0.116935 -3.097890
1.945453 -0.102625 -3.119610
1.945958 -0.085888 -3.139222
1.946467 -0.067000 -3.156485
1.946951 -0.046235 -3.171154
1.947383 -0.023870 -3.182988
1.947735 -0.000177 -3.191741
1.947980 0.024566 -3.197172
1.948090 0.050086 -3.199036
1.946754 0.077521 -3.197172
1.945261 0.103441 -3.191741
1.943664 0.127680 -3.182988
1.942015 0.150072 -3.171154
1.940366 0.170451 -3.156485
1.938768 0.188652 -3.139222
1.937274 0.204507 -3.119609
1.935935 0.217852 -3.097890
1.934803 0.228520 -3.074307
1.933931 0.236345 -3.049105
1.933369 0.241163 -3.022525