1.200000 0.530941 -0.471693
1.193473 0.530918 -0.471585
1.186948 0.530941 -0.471419
1.180431 0.530918 -0.471039
1.173918 0.530942 -0.470599
1.167423 0.530918 -0.469946
1.160935 0.530942 -0.469234
1.154473 0.530918 -0.468310
1.148020 0.530942 -0.467327
1.141602 0.530918 -0.466133
1.135196 0.530942 -0.464881
1.128834 0.530918 -0.463419
1.122486 0.530942 -0.461900
1.116190 0.530918 -0.460173
1.109911 0.530942 -0.458389
1.103694 0.530918 -0.456400
1.097495 0.530942 -0.454355
1.091366 0.530918 -0.452107
1.085259 0.530942 -0.449804
1.079230 0.530918 -0.447302
1.073224 0.530942 -0.444745
1.067305 0.530918 -0.441992
1.061411 0.530942 -0.439186
1.055613 0.530918 -0.436188
1.049842 0.530942 -0.433138
1.044173 0.530918 -0.429900
1.038536 0.530942 -0.426610
1.033008 0.530918 -0.423137
1.027513 0.530942 -0.419615
1.022136 0.530918 -0.415914
1.016793 0.530942 -0.412164
1.011575 0.530918 -0.408241
1.006394 0.530942 -0.404271
1.001345 0.530918 -0.400133
0.996335 0.530942 -0.395949
0.991464 0.530918 -0.391603
0.986633 0.530942 -0.387214
0.981948 0.530918 -0.382668
0.977305 0.530942 -0.378080
0.972815 0.530918 -0.373341
0.968369 0.530942 -0.368563
0.964081 0.530918 -0.363640
0.959838 0.530942 -0.358680
0.955760 0.530918 -0.353583
0.951729 0.530942 -0.348449
0.947868 0.530918 -0.343185
0.944055 0.530942 -0.337887
0.940418 0.530918 -0.332466
0.936830 0.530942 -0.327013
0.933423 0.530918 -0.321445
0.930068 0.530942 -0.315847
0.926897 0.530918 -0.310140
0.923778 0.530942 -0.304406
0.920849 0.530918 -0.298572
0.917974 0.530942 -0.292712
0.915291 0.530918 -0.286760
0.912664 0.530942 -0.280786
0.910233 0.530918 -0.274727
0.907858 0.530942 -0.268648
0.905683 0.530918 -0.262492
0.903564 0.530942 -0.256319
0.901649 0.530918 -0.250077
0.899791 0.530942 -0.243821
0.898139 0.530918 -0.237505
0.896544 0.530942 -0.231176
0.895158 0.530918 -0.224796
0.893830 0.530942 -0.218406
0.892712 0.530918 -0.211973
0.891653 0.530942 -0.205534
0.890805 0.530918 -0.199060
0.890017 0.530942 -0.192581
0.889441 0.530918 -0.186078
0.888924 0.530942 -0.179572
0.888621 0.530918 -0.173050
0.888378 0.530942 -0.166528
0.888348 0.530918 -0.160000
0.888378 0.530942 -0.153473
0.888621 0.530918 -0.146949
0.888924 0.530942 -0.140430
0.889441 0.530918 -0.133921
0.890017 0.530942 -0.127420
0.890806 0.530918 -0.120939
0.891653 0.530942 -0.114468
0.892713 0.530918 -0.108026
0.893830 0.530942 -0.101596
0.895159 0.530918 -0.095203
0.896544 0.530942 -0.088826
0.898139 0.530918 -0.082495
0.899791 0.530942 -0.076181
0.901650 0.530918 -0.069922
0.903564 0.530942 -0.063683
0.905684 0.530918 -0.057507
0.907858 0.530942 -0.051354
0.910234 0.530918 -0.045273
0.912664 0.530942 -0.039216
0.915293 0.530918 -0.033239
0.917974 0.530942 -0.027289
0.920851 0.530918 -0.021428
0.923779 0.530942 -0.015596
0.926898 0.530918 -0.009860
0.930068 0.530942 -0.004156
0.933425 0.530918 0.001444
0.936831 0.530942 0.007011
0.940419 0.530918 0.012466
0.944055 0.530942 0.017885
0.947869 0.530918 0.023185
0.951729 0.530942 0.028447
0.955761 0.530918 0.033582
0.959838 0.530942 0.038678
0.964081 0.530918 0.043640
0.968368 0.530942 0.048561
0.972816 0.530918 0.053340
0.977305 0.530942 0.058078
0.981949 0.530918 0.062667
0.986633 0.530942 0.067212
0.991465 0.530918 0.071602
0.996335 0.530942 0.075948
1.001346 0.530918 0.080132
1.006394 0.530942 0.084269
1.011576 0.530918 0.088240
1.016793 0.530942 0.092163
1.022136 0.530918 0.095912
1.027513 0.530942 0.099613
1.033009 0.530918 0.103136
1.038536 0.530942 0.106609
1.044174 0.530918 0.109898
1.049842 0.530942 0.113136
1.055613 0.530918 0.116187
1.061411 0.530942 0.119185
1.067305 0.530918 0.121991
1.073224 0.530942 0.124743
1.079230 0.530918 0.127300
1.085259 0.530942 0.129802
1.091367 0.530918 0.132105
1.097495 0.530941 0.134353
1.103694 0.530918 0.136398
1.109911 0.530942 0.138387
1.116190 0.530918 0.140171
1.122486 0.530942 0.141898
1.128834 0.530918 0.143417
1.135196 0.530942 0.144879
1.141602 0.530918 0.146131
1.148020 0.530942 0.147325
1.154472 0.530918 0.148308
1.160935 0.530942 0.149232
1.167423 0.530918 0.149944
1.173918 0.530942 0.150597
1.180431 0.530918 0.151036
1.186948 0.530942 0.151416
1.193473 0.530918 0.151583
1.200000 0.530942 0.151690
1.206526 0.530918 0.151583
1.213052 0.530942 0.151416
1.219568 0.530918 0.151036
1.226082 0.530942 0.150596
1.232576 0.530918 0.149943
1.239065 0.530942 0.149232
1.245526 0.530918 0.148307
1.251980 0.530942 0.147324
1.258397 0.530918 0.146131
1.264804 0.530942 0.144878
1.271165 0.530918 0.143417
1.277514 0.530942 0.141897
1.283808 0.530918 0.140170
1.290088 0.530942 0.138386
1.296304 0.530918 0.136398
1.302505 0.530942 0.134352
1.308632 0.530918 0.132105
1.314741 0.530942 0.129801
1.320768 0.530918 0.127300
1.326776 0.530942 0.124742
1.332693 0.530918 0.121991
1.338588 0.530942 0.119184
1.344385 0.530918 0.116187
1.350158 0.530942 0.113135
1.355824 0.530918 0.109898
1.361464 0.530942 0.106608
1.366990 0.530918 0.103136
1.372487 0.530942 0.099613
1.377862 0.530918 0.095913
1.383207 0.530942 0.092162
1.388422 0.530918 0.088240
1.393606 0.530942 0.084269
1.398652 0.530918 0.080132
1.403665 0.530942 0.075947
1.408534 0.530918 0.071603
1.413367 0.530942 0.067211
1.418049 0.530918 0.062667
1.422694 0.530942 0.058077
1.427182 0.530918 0.053341
1.431631 0.530942 0.048560
1.435917 0.530918 0.043640
1.440161 0.530942 0.038678
1.444238 0.530918 0.033583
1.448271 0.530942 0.028447
1.452130 0.530918 0.023185
1.455944 0.530942 0.017885
1.459580 0.530918 0.012466
1.463169 0.530942 0.007011
1.466574 0.530918 0.001445
1.469932 0.530942 -0.004156
1.473101 0.530918 -0.009860
1.476221 0.530942 -0.015596
1.479149 0.530918 -0.021428
1.482026 0.530942 -0.027290
1.484707 0.530918 -0.033239
1.487336 0.530942 -0.039216
1.489765 0.530918 -0.045273
1.492141 0.530942 -0.051355
1.494316 0.530918 -0.057508
1.496435 0.530942 -0.063683
1.498349 0.530918 -0.069922
1.500208 0.530942 -0.076181
1.501860 0.530919 -0.082495
1.503455 0.530943 -0.088826
1.504840 0.530919 -0.095204
1.506169 0.530943 -0.101596
1.507286 0.530919 -0.108026
1.508346 0.530943 -0.114468
1.509193 0.530919 -0.120940
1.509982 0.530943 -0.127421
1.510558 0.530919 -0.133922
1.511074 0.530943 -0.140430
1.511377 0.530919 -0.146950
1.511621 0.530943 -0.153473
1.511650 0.530919 -0.160000
1.511621 0.530943 -0.166528
1.511377 0.530919 -0.173051
1.511074 0.530943 -0.179572
1.510557 0.530919 -0.186079
1.509982 0.530943 -0.192581
1.509193 0.530919 -0.199061
1.508345 0.530943 -0.205533
1.507286 0.530919 -0.211974
1.506168 0.530943 -0.218406
1.504840 0.530919 -0.224797
1.503454 0.530943 -0.231175
1.501859 0.530919 -0.237505
1.500207 0.530943 -0.243820
1.498349 0.530919 -0.250078
1.496434 0.530943 -0.256318
1.494315 0.530919 -0.262493
1.492140 0.530943 -0.268647
1.489764 0.530919 -0.274728
1.487334 0.530943 -0.280785
1.484706 0.530919 -0.286761
1.482024 0.530943 -0.292711
1.479148 0.530919 -0.298572
1.476219 0.530943 -0.304405
1.473100 0.530919 -0.310140
1.469930 0.530943 -0.315845
1.466573 0.530920 -0.321445
1.463167 0.530944 -0.327012
1.459579 0.530919 -0.332466
1.455943 0.530943 -0.337886
1.452129 0.530919 -0.343185
1.448269 0.530944 -0.348448
1.444237 0.530920 -0.353583
1.440160 0.530944 -0.358679
1.435916 0.530920 -0.363641
1.431630 0.530944 -0.368561
1.427181 0.530920 -0.373341
1.422693 0.530944 -0.378078
1.418048 0.530920 -0.382668
1.413365 0.530944 -0.387212
1.408532 0.530920 -0.391603
1.403664 0.530944 -0.395947
1.398651 0.530920 -0.400133
1.393604 0.530944 -0.404269
1.388421 0.530920 -0.408241
1.383206 0.530944 -0.412162
1.377860 0.530920 -0.415913
1.372486 0.530944 -0.419612
1.366987 0.530920 -0.423137
1.361463 0.530944 -0.426608
1.355822 0.530920 -0.429899
1.350157 0.530944 -0.433135
1.344383 0.530920 -0.436187
1.338588 0.530944 -0.439184
1.332690 0.530920 -0.441991
1.326775 0.530944 -0.444742
1.320765 0.530920 -0.447300
1.314740 0.530944 -0.449801
1.308629 0.530920 -0.452106
1.302504 0.530944 -0.454352
1.296301 0.530920 -0.456398
1.290088 0.530944 -0.458386
1.283805 0.530920 -0.460171
1.277514 0.530944 -0.461897
1.271161 0.530920 -0.463417
1.264804 0.530944 -0.464878
1.258393 0.530920 -0.466131
1.251980 0.530944 -0.467324
1.245522 0.530920 -0.468307
1.239065 0.530944 -0.469231
1.232571 0.530920 -0.469943
1.226081 0.530944 -0.470595
1.219563 0.530920 -0.471035
1.213052 0.530944 -0.471415
1.206518 0.530917 -0.471585
