1.200016 0.640052 -0.140964
1.196230 0.640003 -0.139976
1.192463 0.639939 -0.139905
1.188698 0.639831 -0.139787
1.184939 0.639704 -0.139621
1.181186 0.639550 -0.139400
1.177436 0.639361 -0.139147
1.173701 0.639157 -0.138840
1.169964 0.638909 -0.138485
1.166250 0.638646 -0.138082
1.162529 0.638351 -0.137693
1.158844 0.638029 -0.137136
1.155063 0.637683 -0.136594
1.151490 0.637310 -0.136003
1.147854 0.636919 -0.135365
1.144750 0.636556 -0.134676
1.140601 0.636046 -0.133951
1.136296 0.635488 -0.133183
1.133421 0.635079 -0.132350
1.129894 0.634575 -0.131480
1.126323 0.634022 -0.130564
1.122848 0.633470 -0.129602
1.119817 0.632961 -0.128589
1.115895 0.632281 -0.127540
1.111399 0.631468 -0.126455
1.109042 0.631012 -0.125296
1.105601 0.630345 -0.124274
1.102298 0.629669 -0.122872
1.099014 0.628991 -0.121591
1.095668 0.628256 -0.120268
1.092474 0.627550 -0.118898
1.089158 0.626778 -0.117486
1.086037 0.626044 -0.116028
1.082784 0.625244 -0.114528
1.079730 0.624483 -0.112983
1.076665 0.623690 -0.111395
1.073557 0.622874 -0.109764
1.070564 0.622059 -0.108091
1.067525 0.621222 -0.106375
1.064482 0.620353 -0.104618
1.061638 0.619534 -0.102816
1.058618 0.618631 -0.100976
1.055900 0.617815 -0.099091
1.052946 0.616892 -0.097168
1.050123 0.616011 -0.095204
1.047429 0.615133 -0.093197
1.044101 0.614047 -0.091160
1.042070 0.613360 -0.089066
1.039275 0.612410 -0.087124
1.036872 0.611579 -0.084776
1.034374 0.610698 -0.082573
1.031837 0.609799 -0.080331
1.029190 0.608827 -0.078053
1.026146 0.607708 -0.075744
1.024397 0.607045 -0.073380
1.021847 0.606072 -0.071155
1.019772 0.605279 -0.068559
1.017303 0.604304 -0.066097
1.014290 0.603111 -0.063607
1.012925 0.602558 -0.061060
1.010693 0.601646 -0.058490
1.008384 0.600702 -0.055886
1.006435 0.599879 -0.053245
1.004827 0.599203 -0.050568
1.002505 0.598220 -0.047863
1.000305 0.597258 -0.045126
0.998173 0.596325 -0.042549
0.996602 0.595643 -0.039547
0.994538 0.594710 -0.036714
0.993179 0.594102 -0.033843
0.990832 0.593041 -0.030951
0.989135 0.592252 -0.028022
0.987399 0.591446 -0.025065
0.985040 0.590343 -0.022087
0.984097 0.589899 -0.019062
0.982288 0.589031 -0.016021
0.980503 0.588178 -0.012476
0.979238 0.587574 -0.009849
0.977727 0.586829 -0.006723
0.976064 0.586007 -0.003574
0.974442 0.585207 -0.000434
0.973465 0.584733 0.002811
0.971980 0.583979 0.006037
0.970463 0.583209 0.009287
0.968976 0.582454 0.012492
0.967724 0.581823 0.015861
0.966853 0.581377 0.019188
0.965484 0.580663 0.022530
0.964463 0.580137 0.025896
0.962015 0.578842 0.029267
0.961970 0.578842 0.032689
0.961119 0.578394 0.036120
0.959930 0.577759 0.039565
0.958774 0.577143 0.043029
0.957649 0.576545 0.046818
0.956568 0.575969 0.050143
0.956202 0.575790 0.053539
0.955312 0.575307 0.057075
0.954337 0.574777 0.060626
0.953397 0.574266 0.064192
0.952482 0.573772 0.068135
0.951629 0.573305 0.070873
0.950464 0.572670 0.074976
0.950416 0.572669 0.078609
0.950060 0.572487 0.082250
0.949335 0.572087 0.085899
0.948643 0.571708 0.089559
0.947985 0.571349 0.093230
0.947362 0.571010 0.096912
0.947268 0.570982 0.100608
0.946221 0.570393 0.104146
0.945694 0.570115 0.108286
0.944566 0.569477 0.111723
0.944517 0.569476 0.115453
0.944468 0.569475 0.119190
0.944419 0.569474 0.122933
0.944370 0.569474 0.126681
0.944204 0.569402 0.130433
0.943932 0.569266 0.134187
0.943694 0.569151 0.137945
0.943490 0.569057 0.141707
0.943322 0.568984 0.145471
0.943187 0.568932 0.149238
0.943088 0.568900 0.153006
0.943023 0.568890 0.156776
0.942993 0.568901 0.160545
0.942997 0.568932 0.164315
0.943037 0.568985 0.168083
0.943111 0.569059 0.171851
0.943219 0.569153 0.175616
0.943362 0.569269 0.179379
0.943540 0.569405 0.183139
0.943582 0.569459 0.186893
0.943533 0.569458 0.190641
0.943484 0.569457 0.194383
0.943435 0.569456 0.198120
0.944070 0.569859 0.202075
0.944481 0.570123 0.205102
0.946139 0.571129 0.209321
0.946101 0.571134 0.213030
0.946062 0.571139 0.216730
0.946383 0.571355 0.220424
0.946948 0.571715 0.224110
0.947547 0.572094 0.227786
0.948181 0.572494 0.231452
0.948368 0.572631 0.235100
0.948721 0.572856 0.238393
0.949472 0.573307 0.241425
0.951197 0.574325 0.245993
0.951160 0.574330 0.249588
0.951913 0.574785 0.253176
0.952797 0.575316 0.256750
0.953495 0.575740 0.260306
0.953449 0.575739 0.263836
0.953403 0.575739 0.267348
0.956418 0.577435 0.270882
0.956974 0.577767 0.274370
0.958076 0.578402 0.277843
0.958717 0.578782 0.281292
0.959644 0.579298 0.283859
0.961756 0.580464 0.288150
0.962098 0.580671 0.291537
0.963383 0.581385 0.294913
0.964028 0.581755 0.298258
0.965333 0.582461 0.302063
0.966738 0.583211 0.304657
0.968179 0.583987 0.308187
0.969426 0.584659 0.311447
0.970474 0.585207 0.314216
0.972596 0.586304 0.317902
0.973604 0.586835 0.321087
0.974865 0.587493 0.324247
0.976207 0.588180 0.328880
0.978093 0.589115 0.330496
0.979663 0.589903 0.333580
0.980345 0.590257 0.336624
0.982635 0.591356 0.338548
0.984475 0.592254 0.342663
0.985903 0.592950 0.345631
0.987705 0.593790 0.347679
0.989659 0.594710 0.351488
0.991499 0.595572 0.354370
0.993141 0.596315 0.356815
0.995214 0.597254 0.360041
0.997130 0.598122 0.362830
0.998950 0.598916 0.365328
1.001139 0.599873 0.368311
1.002797 0.600599 0.370997
1.006291 0.602062 0.373670
1.007432 0.602549 0.376286
1.009318 0.603329 0.378178
1.012035 0.604432 0.381435
1.014089 0.605266 0.383955
1.016100 0.606060 0.387332
1.018593 0.607028 0.388890
1.020033 0.607595 0.391293
1.023642 0.608946 0.393685
1.025857 0.609778 0.396025
1.029503 0.611090 0.398340
1.030779 0.611555 0.400595
1.033130 0.612383 0.402664
1.035869 0.613332 0.405014
1.037579 0.613927 0.407154
1.041286 0.615155 0.409281
1.043494 0.615889 0.411349
1.047228 0.617074 0.413394
1.049434 0.617776 0.415384
1.052108 0.618591 0.418021
1.055088 0.619493 0.419252
1.057848 0.620298 0.421117
1.060885 0.621177 0.422958
1.063727 0.621967 0.424216
1.066830 0.622825 0.426498
1.069764 0.623599 0.427317
1.072920 0.624430 0.429870
1.075941 0.625185 0.430420
1.079149 0.625986 0.433073
1.083384 0.626985 0.434621
1.085513 0.627487 0.436104
1.088668 0.628188 0.437719
1.091678 0.628856 0.438957
1.095603 0.629673 0.440327
1.098504 0.630270 0.441718
1.101915 0.630936 0.442917
1.103931 0.631330 0.444130
1.108708 0.632200 0.445333
1.112111 0.632792 0.446002
1.115607 0.633384 0.447569
1.119062 0.633931 0.448241
1.122448 0.634460 0.449622
1.126452 0.635033 0.450586
1.129632 0.635477 0.452275
1.133244 0.635947 0.452364
1.136814 0.636387 0.453346
1.140458 0.636814 0.453960
1.144076 0.637202 0.455486
1.147720 0.637577 0.455533
1.151398 0.637915 0.456007
1.155056 0.638233 0.457670
1.158778 0.638527 0.457139
1.162493 0.638787 0.456707
1.166072 0.639026 0.458082
1.170141 0.639245 0.458488
1.173663 0.639418 0.458895
1.177418 0.639573 0.459148
1.181184 0.639696 0.458993
1.184886 0.639803 0.459620
1.188967 0.639868 0.459789
1.192455 0.639908 0.460047
1.196229 0.639922 0.459976
1.200007 0.639903 0.459240
1.203718 0.639869 0.459976
1.207802 0.639781 0.459908
1.211298 0.639690 0.459387
1.215056 0.639562 0.459621
1.218809 0.639402 0.459486
1.222560 0.639227 0.459147
1.226287 0.639006 0.458682
1.230009 0.638770 0.459632
1.233747 0.638502 0.458082
1.237443 0.638207 0.457851
1.241157 0.637894 0.457136
1.244830 0.637541 0.456804
1.248487 0.637176 0.455874
1.252150 0.636774 0.455364
1.255763 0.636354 0.455081
1.259409 0.635908 0.453949
1.262967 0.635436 0.454020
1.266423 0.634971 0.452346
1.270444 0.634377 0.451481
1.273619 0.633894 0.451137
1.277174 0.633325 0.449599
1.280625 0.632749 0.448416
1.284135 0.632140 0.447537
1.287532 0.631523 0.445276
1.290996 0.630876 0.445293
1.294318 0.630217 0.444509
1.297495 0.629586 0.442865
1.301001 0.628843 0.441584
1.304253 0.628147 0.439701
1.307606 0.627391 0.438894
1.309839 0.626890 0.437467
1.314029 0.625891 0.436023
1.315989 0.625427 0.434506
1.320347 0.624330 0.432977
1.323370 0.623557 0.430636
1.326530 0.622718 0.429758
1.329458 0.621930 0.427694
1.332572 0.621063 0.426368
1.335415 0.620259 0.424750
1.338470 0.619371 0.422809
1.341225 0.618555 0.421804
1.344219 0.617647 0.419083
1.346467 0.616965 0.417151
1.350241 0.615762 0.415197
1.352502 0.615046 0.413186
1.355251 0.614131 0.411789
1.358084 0.613195 0.409056
1.360540 0.612354 0.406949
1.363293 0.611405 0.404766
1.364532 0.610983 0.402545
1.368337 0.609613 0.400320
1.370605 0.608799 0.398015
1.373209 0.607826 0.396185
1.375801 0.606863 0.393369
1.377922 0.606054 0.390902
1.380435 0.605082 0.388547
1.382463 0.604300 0.386084
1.384903 0.603325 0.383094
1.387303 0.602361 0.381047
1.388305 0.601968 0.378460
1.391852 0.600490 0.375872
1.393815 0.599678 0.373231
1.394200 0.599532 0.370535
1.397777 0.597988 0.367848
1.399966 0.597050 0.365111
1.401570 0.596350 0.361560
1.403673 0.595414 0.359532
1.405752 0.594494 0.356698
1.407223 0.593832 0.353170
1.409200 0.592925 0.350833
1.411172 0.592024 0.348005
1.411717 0.591789 0.345032
1.415093 0.590182 0.342064
1.416225 0.589657 0.339044
1.417496 0.589065 0.335995
1.419178 0.588254 0.332175
1.420913 0.587408 0.329828
1.422620 0.586580 0.326704
1.423286 0.586270 0.323541
1.425247 0.585288 0.320168
1.426829 0.584497 0.317168
1.428390 0.583719 0.313942
1.429045 0.583406 0.310681
1.430664 0.582568 0.308153
1.432300 0.581731 0.304113
1.433536 0.581102 0.300791
1.434773 0.580471 0.297447
1.434817 0.580472 0.294066
1.436803 0.579419 0.290104
1.438063 0.578753 0.287284
1.439295 0.578107 0.283858
1.440513 0.577468 0.280412
1.440559 0.577469 0.276934
1.442005 0.576694 0.272043
1.443682 0.575768 0.269960
1.444112 0.575553 0.266436
1.445128 0.575010 0.262901
1.446111 0.574485 0.259350
1.446315 0.574398 0.255773
1.446362 0.574398 0.252180
1.448003 0.573483 0.247949
1.448839 0.573022 0.244939
1.449636 0.572590 0.241360
1.450403 0.572175 0.237724
1.451135 0.571780 0.234075
1.451833 0.571405 0.230415
1.452134 0.571260 0.226739
1.452183 0.571260 0.223050
1.452231 0.571261 0.219351
1.453400 0.570602 0.214784
1.453905 0.570326 0.211769
1.454388 0.570064 0.208617
1.454846 0.569826 0.204289
1.455275 0.569599 0.200772
1.455635 0.569415 0.197033
1.455980 0.569240 0.193289
1.456290 0.569086 0.189539
1.456565 0.568952 0.185785
1.456805 0.568839 0.182027
1.457011 0.568747 0.178265
1.457181 0.568676 0.174501
1.457317 0.568625 0.170734
1.457418 0.568596 0.166965
1.457484 0.568587 0.163196
1.457515 0.568599 0.159426
1.457510 0.568631 0.155657
1.457471 0.568685 0.151888
1.457397 0.568759 0.148120
1.457288 0.568855 0.144355
1.457144 0.568971 0.140592
1.456965 0.569107 0.136832
1.456751 0.569265 0.133076
1.456502 0.569443 0.129324
1.456218 0.569642 0.125577
1.456095 0.569745 0.121838
1.456134 0.569752 0.118106
1.455147 0.570362 0.115246
1.454734 0.570646 0.110483
1.454286 0.570946 0.106370
1.453751 0.571289 0.103232
1.453799 0.571290 0.099544
1.453555 0.571460 0.095861
1.452951 0.571838 0.092185
1.452313 0.572236 0.088520
1.451639 0.572653 0.084866
1.451096 0.572996 0.081225
1.451133 0.573003 0.077603
1.448694 0.574441 0.073968
1.448741 0.574442 0.070376
1.448574 0.574563 0.066796
1.447683 0.575091 0.063222
1.446757 0.575637 0.059664
1.445894 0.576149 0.056122
1.444801 0.576785 0.053194
1.443541 0.577524 0.049082
1.443496 0.577574 0.045604
1.442386 0.578205 0.042130
1.441242 0.578853 0.038675
1.440610 0.579223 0.035244
1.438853 0.580207 0.031602
1.438294 0.580536 0.028436
1.437059 0.581213 0.025062
1.435732 0.581939 0.021708
1.434366 0.582684 0.018583
1.432914 0.583477 0.015066
1.432249 0.583841 0.011789
1.430771 0.584621 0.008526
1.429272 0.585417 0.004723
1.427493 0.586348 0.002068
1.426805 0.586711 -0.001110
1.425178 0.587542 -0.004275
1.423521 0.588391 -0.008153
1.422032 0.589148 -0.010523
1.420724 0.589797 -0.013603
1.418949 0.590672 -0.016661
1.417138 0.591564 -0.019569
1.415898 0.592171 -0.022685
1.414007 0.593072 -0.025658
1.413214 0.593460 -0.028591
1.410699 0.594647 -0.031509
1.408694 0.595569 -0.034393
1.406659 0.596504 -0.037203
1.405126 0.597210 -0.040061
1.403008 0.598150 -0.042852
1.400868 0.599103 -0.046301
1.399181 0.599843 -0.048330
1.396951 0.600798 -0.051023
1.394700 0.601764 -0.054227
1.392868 0.602531 -0.056304
1.390528 0.603496 -0.058896
1.388241 0.604439 -0.061453
1.386189 0.605257 -0.063972
1.384711 0.605849 -0.066450
1.381676 0.607040 -0.068906
1.379150 0.608005 -0.071323
1.376672 0.608953 -0.073701
1.374388 0.609794 -0.076040
1.371754 0.610761 -0.078204
1.369455 0.611588 -0.080610
1.367191 0.612388 -0.082836
1.364354 0.613380 -0.085028
1.361577 0.614320 -0.087181
1.359078 0.615166 -0.089292
1.356239 0.616087 -0.091367
1.353149 0.617088 -0.093406
1.350740 0.617836 -0.095396
1.347796 0.618747 -0.097009
1.345084 0.619560 -0.099263
1.341214 0.620704 -0.101149
1.339275 0.621254 -0.102968
1.336201 0.622121 -0.104791
1.333317 0.622909 -0.106507
1.329184 0.624016 -0.108228
1.327214 0.624520 -0.109879
1.323135 0.625558 -0.111514
1.320972 0.626081 -0.113081
1.317065 0.627023 -0.114627
1.314597 0.627586 -0.116112
1.310975 0.628411 -0.117567
1.308093 0.629030 -0.118968
1.304862 0.629722 -0.120330
1.301467 0.630405 -0.121650
1.298168 0.631062 -0.122923
1.294784 0.631698 -0.124153
1.291363 0.632325 -0.125338
1.288622 0.632805 -0.126472
1.284453 0.633508 -0.127574
1.280242 0.634189 -0.128633
1.277446 0.634606 -0.129628
1.273940 0.635127 -0.130586
1.270349 0.635615 -0.131500
1.266794 0.636085 -0.132367
1.263823 0.636451 -0.133182
1.259571 0.636948 -0.133963
1.255918 0.637350 -0.134355
1.252278 0.637712 -0.135374
1.248620 0.638062 -0.136010
1.245105 0.638360 -0.136597
1.241234 0.638667 -0.137141
1.236652 0.638998 -0.137648
1.233800 0.639167 -0.138085
1.230072 0.639385 -0.138487
1.226328 0.639560 -0.138841
1.222581 0.639716 -0.139148
1.218823 0.639844 -0.138753
1.215065 0.639938 -0.139621
1.211300 0.640016 -0.139787
1.207532 0.640050 -0.139905
1.203762 0.640065 -0.139976
