1.100000 0.890048 -0.840632
1.096230 0.890003 -0.839976
1.092463 0.889942 -0.839905
1.088698 0.889834 -0.839787
1.084939 0.889710 -0.839621
1.082167 0.889596 -0.839398
1.077436 0.889370 -0.839147
1.073622 0.889165 -0.838841
1.069963 0.888922 -0.838485
1.066249 0.888661 -0.838082
1.062533 0.888368 -0.837503
1.058842 0.888048 -0.837137
1.054801 0.887678 -0.836598
1.051487 0.887332 -0.836003
1.047851 0.886945 -0.835365
1.044551 0.886559 -0.834678
1.040597 0.886075 -0.833951
1.036034 0.885484 -0.833186
1.033417 0.885111 -0.832350
1.029791 0.884595 -0.831481
1.026318 0.884057 -0.830564
1.022841 0.883508 -0.829602
1.019617 0.882967 -0.828591
1.015887 0.882322 -0.827540
1.012380 0.881689 -0.826111
1.009034 0.881057 -0.825296
1.005578 0.880388 -0.823659
1.002288 0.879716 -0.822872
0.998752 0.878986 -0.821595
0.995656 0.878306 -0.820268
0.992462 0.877603 -0.818898
0.989146 0.876832 -0.817486
0.986023 0.876101 -0.816028
0.982761 0.875299 -0.814528
0.979714 0.874543 -0.812983
0.976509 0.873713 -0.811396
0.973540 0.872936 -0.809765
0.970395 0.872080 -0.808092
0.967507 0.871287 -0.806375
0.964423 0.870407 -0.804618
0.961618 0.869602 -0.802817
0.958598 0.868699 -0.800976
0.955878 0.867886 -0.799091
0.952923 0.866963 -0.797169
0.949861 0.866006 -0.795207
0.947404 0.865207 -0.793198
0.943839 0.864043 -0.791163
0.942043 0.863436 -0.789066
0.939245 0.862489 -0.786252
0.936843 0.861658 -0.784776
0.934171 0.860714 -0.782575
0.931807 0.859880 -0.780331
0.929160 0.858908 -0.778054
0.926542 0.857945 -0.776136
0.924364 0.857128 -0.773381
0.921824 0.856162 -0.770697
0.919737 0.855365 -0.768560
0.917268 0.854390 -0.766097
0.914028 0.853106 -0.763610
0.912889 0.852647 -0.761060
0.910525 0.851680 -0.758492
0.908122 0.850697 -0.755890
0.906396 0.849970 -0.753245
0.904623 0.849223 -0.750570
0.902243 0.848216 -0.747866
0.900263 0.847351 -0.745126
0.898784 0.846709 -0.742350
0.896392 0.845662 -0.739550
0.894494 0.844806 -0.736715
0.892974 0.844124 -0.733845
0.890570 0.843036 -0.730954
0.889088 0.842350 -0.728023
0.887194 0.841468 -0.725068
0.884778 0.840338 -0.722090
0.884048 0.839999 -0.719063
0.882239 0.839131 -0.716021
0.880454 0.838277 -0.712551
0.878976 0.837569 -0.709852
0.877676 0.836931 -0.706724
0.876012 0.836109 -0.703574
0.874399 0.835306 -0.701412
0.873204 0.834729 -0.697193
0.871926 0.834083 -0.693963
0.870409 0.833313 -0.690713
0.869944 0.833091 -0.687430
0.867471 0.831822 -0.684160
0.866796 0.831482 -0.680813
0.865427 0.830768 -0.677471
0.864257 0.830162 -0.674106
0.861753 0.828838 -0.670736
0.861708 0.828837 -0.667315
0.861059 0.828501 -0.663881
0.859870 0.827866 -0.660436
0.858715 0.827250 -0.656972
0.857587 0.826650 -0.653437
0.855986 0.825786 -0.649996
0.855940 0.825785 -0.646465
0.855249 0.825417 -0.642926
0.854275 0.824886 -0.639375
0.853335 0.824375 -0.635809
0.852836 0.824117 -0.632223
0.851566 0.823412 -0.629418
0.850712 0.822956 -0.625004
0.850155 0.822664 -0.621395
0.849995 0.822597 -0.617750
0.849270 0.822198 -0.614102
0.848578 0.821819 -0.610442
0.847920 0.821460 -0.606771
0.847297 0.821121 -0.603089
0.846701 0.820798 -0.599359
0.846157 0.820502 -0.596254
0.844352 0.819473 -0.592004
0.845161 0.819972 -0.588875
0.844255 0.819471 -0.584550
0.844206 0.819471 -0.580813
0.844157 0.819470 -0.577070
0.844108 0.819469 -0.573322
0.844059 0.819468 -0.569569
0.843864 0.819379 -0.565814
0.843626 0.819264 -0.562055
0.843422 0.819170 -0.558294
0.843254 0.819096 -0.554530
0.843119 0.819044 -0.550763
0.843020 0.819013 -0.546995
0.842955 0.819003 -0.543226
0.842925 0.819013 -0.539456
0.842929 0.819045 -0.535686
0.842969 0.819098 -0.531917
0.843043 0.819171 -0.528150
0.843151 0.819266 -0.524384
0.843294 0.819381 -0.520621
0.843369 0.819455 -0.516863
0.843320 0.819454 -0.513110
0.843271 0.819453 -0.509363
0.843222 0.819453 -0.505620
0.843173 0.819452 -0.501884
0.843124 0.819451 -0.498154
0.844400 0.820233 -0.493749
0.844827 0.820507 -0.490722
0.845893 0.821161 -0.486972
0.845855 0.821166 -0.483272
0.846318 0.821466 -0.479577
0.846883 0.821825 -0.475891
0.847482 0.822205 -0.472214
0.848116 0.822605 -0.468549
0.848107 0.822626 -0.464904
0.848059 0.822625 -0.461271
0.848012 0.822625 -0.457652
0.850186 0.823890 -0.454395
0.851000 0.824383 -0.450414
0.851850 0.824894 -0.446825
0.852735 0.825425 -0.443251
0.853234 0.825736 -0.439697
0.853187 0.825735 -0.436168
0.854817 0.826659 -0.433183
0.856211 0.827460 -0.429120
0.856915 0.827875 -0.425631
0.858016 0.828510 -0.422158
0.858455 0.828777 -0.418711
0.859579 0.829404 -0.415438
0.860799 0.830084 -0.411954
0.862041 0.830776 -0.408463
0.863326 0.831491 -0.405088
0.863766 0.831750 -0.401746
0.865296 0.832569 -0.398547
0.866932 0.833446 -0.395099
0.868125 0.834090 -0.391814
0.869164 0.834654 -0.388556
0.870412 0.835307 -0.385172
0.871960 0.836110 -0.382139
0.873553 0.836937 -0.378914
0.874603 0.837488 -0.375757
0.876188 0.838286 -0.372473
0.877888 0.839138 -0.369506
0.879614 0.840003 -0.366420
0.880769 0.840578 -0.363348
0.882581 0.841456 -0.360303
0.884428 0.842351 -0.357337
0.885642 0.842945 -0.354373
0.887644 0.843884 -0.351172
0.889615 0.844805 -0.348513
0.891237 0.845567 -0.345633
0.893089 0.846410 -0.342036
0.895172 0.847348 -0.339960
0.896868 0.848117 -0.337174
0.898936 0.849012 -0.335916
0.901100 0.849964 -0.331690
0.902535 0.850595 -0.329006
0.905101 0.851670 -0.326770
0.907396 0.852637 -0.323714
0.909277 0.853414 -0.321400
0.911831 0.854450 -0.318567
0.914004 0.855332 -0.316046
0.916084 0.856141 -0.314540
0.918560 0.857112 -0.311110
0.920667 0.857924 -0.308436
0.923225 0.858884 -0.306155
0.925601 0.859776 -0.303978
0.928091 0.860672 -0.302296
0.930751 0.861634 -0.299405
0.933118 0.862461 -0.298096
0.935843 0.863408 -0.294986
0.938294 0.864243 -0.293097
0.941084 0.865170 -0.290721
0.943232 0.865885 -0.288655
0.946523 0.866928 -0.286946
0.949172 0.867771 -0.284620
0.952088 0.868656 -0.282762
0.955068 0.869561 -0.280748
0.957839 0.870363 -0.279670
0.960866 0.871242 -0.277043
0.963698 0.872030 -0.274634
0.966813 0.872887 -0.273503
0.969739 0.873657 -0.272407
0.972905 0.874489 -0.270130
0.975913 0.875241 -0.268431
0.979135 0.876042 -0.266927
0.982224 0.876768 -0.266218
0.985317 0.877498 -0.263898
0.988660 0.878240 -0.262221
0.991861 0.878943 -0.261046
0.995402 0.879681 -0.259675
0.998487 0.880313 -0.258017
1.001906 0.880980 -0.257083
1.005224 0.881610 -0.254912
1.008701 0.882241 -0.254667
1.012095 0.882829 -0.253895
1.015601 0.883422 -0.252431
1.019055 0.883966 -0.251768
1.022186 0.884456 -0.250382
1.026252 0.885037 -0.249416
1.029627 0.885504 -0.248606
1.033240 0.885975 -0.247637
1.036812 0.886413 -0.246481
1.040455 0.886840 -0.246040
1.044073 0.887223 -0.245393
1.047711 0.887596 -0.244311
1.051396 0.887935 -0.243993
1.055072 0.888250 -0.243221
1.058776 0.888543 -0.242861
1.062474 0.888799 -0.242094
1.066191 0.889042 -0.242079
1.069942 0.889244 -0.241514
1.073664 0.889425 -0.240952
1.077417 0.889579 -0.240852
1.081174 0.889699 -0.240854
1.084624 0.889798 -0.240383
1.088768 0.889865 -0.240212
1.092471 0.889905 -0.240770
1.096228 0.889918 -0.240024
1.099996 0.889896 -0.239611
1.103456 0.889865 -0.240028
1.107603 0.889775 -0.240094
1.111287 0.889676 -0.239463
1.115056 0.889548 -0.240379
1.118817 0.889385 -0.241390
1.122306 0.889222 -0.240856
1.126295 0.888985 -0.241292
1.130015 0.888747 -0.241244
1.133745 0.888479 -0.241918
1.137436 0.888181 -0.242143
1.141134 0.887869 -0.242864
1.144818 0.887511 -0.243040
1.148465 0.887143 -0.242993
1.152146 0.886741 -0.244636
1.155762 0.886317 -0.244925
1.159404 0.885872 -0.246051
1.162973 0.885397 -0.246861
1.166520 0.884914 -0.247805
1.170245 0.884363 -0.248521
1.173614 0.883850 -0.249745
1.177167 0.883279 -0.250401
1.180613 0.882701 -0.251630
1.184127 0.882092 -0.252463
1.187507 0.881471 -0.253574
1.190986 0.880824 -0.254707
1.194310 0.880162 -0.255523
1.197608 0.879502 -0.257447
1.201244 0.878730 -0.258411
1.204223 0.878087 -0.259399
1.207568 0.877336 -0.261107
1.210720 0.876611 -0.262336
1.214014 0.875827 -0.263977
1.215727 0.875422 -0.265498
1.220330 0.874263 -0.267023
1.221860 0.873882 -0.268632
1.226511 0.872649 -0.270242
1.229444 0.871855 -0.272235
1.232552 0.870991 -0.273632
1.234072 0.870573 -0.275410
1.238448 0.869296 -0.277191
1.241215 0.868481 -0.280067
1.244195 0.867569 -0.280917
1.246205 0.866960 -0.282853
1.250039 0.865738 -0.284805
1.252240 0.865041 -0.286818
1.255220 0.864053 -0.288949
1.258057 0.863112 -0.290944
1.260509 0.862273 -0.293811
1.263263 0.861319 -0.295235
1.264271 0.860978 -0.297458
1.268305 0.859524 -0.299681
1.270565 0.858711 -0.301960
1.273173 0.857736 -0.303823
1.275767 0.856772 -0.306632
1.277905 0.855957 -0.309804
1.280398 0.854989 -0.311454
1.282122 0.854327 -0.313926
1.284854 0.853227 -0.315757
1.287265 0.852265 -0.318954
1.289157 0.851496 -0.321744
1.291648 0.850460 -0.324131
1.293774 0.849580 -0.326770
1.295529 0.848841 -0.330725
1.297733 0.847888 -0.332152
1.299769 0.847017 -0.334892
1.301514 0.846241 -0.336690
1.303627 0.845312 -0.340469
1.305607 0.844436 -0.343304
1.307152 0.843731 -0.345681
1.309157 0.842818 -0.349070
1.311123 0.841920 -0.351995
1.311455 0.841784 -0.354971
1.314321 0.840421 -0.357674
1.316174 0.839551 -0.360957
1.317235 0.839060 -0.364008
1.319124 0.838142 -0.367249
1.320859 0.837300 -0.370173
1.322566 0.836472 -0.373296
1.323560 0.835989 -0.376228
1.326357 0.834578 -0.379620
1.326773 0.834387 -0.382832
1.328334 0.833609 -0.386058
1.328784 0.833401 -0.389323
1.330608 0.832455 -0.391960
1.332094 0.831697 -0.395889
1.333477 0.830990 -0.399210
1.334511 0.830466 -0.402557
1.335445 0.829981 -0.405742
1.336726 0.829305 -0.408747
1.338001 0.828639 -0.412717
1.339233 0.827993 -0.416143
1.340251 0.827463 -0.419591
1.340297 0.827464 -0.423070
1.341918 0.826582 -0.426808
1.343001 0.825997 -0.429816
1.344047 0.825438 -0.433565
1.345063 0.824894 -0.437100
1.346006 0.824392 -0.440652
1.346053 0.824393 -0.444230
1.347062 0.823838 -0.447891
1.347923 0.823363 -0.450902
1.349190 0.822663 -0.455013
1.349568 0.822473 -0.458641
1.350335 0.822058 -0.462277
1.351067 0.821663 -0.465926
1.351765 0.821288 -0.469586
1.351873 0.821255 -0.473265
1.351921 0.821256 -0.476954
1.352774 0.820781 -0.481053
1.353319 0.820481 -0.484067
1.353824 0.820205 -0.487082
1.354321 0.819946 -0.491706
1.355028 0.819556 -0.495494
1.355185 0.819492 -0.499229
1.355564 0.819297 -0.502968
1.355909 0.819122 -0.506712
1.356219 0.818967 -0.510462
1.356494 0.818834 -0.514216
1.356735 0.818721 -0.517974
1.356940 0.818629 -0.521736
1.357111 0.818557 -0.525500
1.357247 0.818507 -0.529267
1.357347 0.818477 -0.533036
1.357413 0.818468 -0.536805
1.357444 0.818480 -0.540575
1.357440 0.818513 -0.544344
1.357401 0.818566 -0.548113
1.357327 0.818641 -0.551881
1.357217 0.818736 -0.555646
1.357073 0.818852 -0.559409
1.356894 0.818989 -0.563169
1.356680 0.819146 -0.566925
1.356431 0.819324 -0.570677
1.356148 0.819523 -0.574424
1.355887 0.819708 -0.578165
1.355926 0.819715 -0.581896
1.355965 0.819722 -0.585621
1.354648 0.820526 -0.588241
1.354209 0.820824 -0.592717
1.353489 0.821285 -0.596771
1.353537 0.821285 -0.600460
1.353487 0.821343 -0.604140
1.352884 0.821721 -0.607816
1.352245 0.822119 -0.611481
1.351572 0.822536 -0.615135
1.350888 0.822960 -0.618777
1.350128 0.823432 -0.622893
1.348432 0.824437 -0.626035
1.348479 0.824437 -0.629627
1.348509 0.824448 -0.633204
1.347618 0.824975 -0.636778
1.346693 0.825522 -0.640337
1.345733 0.826087 -0.643880
1.345724 0.826119 -0.647397
1.343279 0.827519 -0.650921
1.343324 0.827520 -0.654398
1.342324 0.828091 -0.657871
1.341180 0.828740 -0.661326
1.340009 0.829406 -0.665196
1.338783 0.830092 -0.667552
1.338032 0.830531 -0.671567
1.337000 0.831101 -0.674939
1.335673 0.831827 -0.678293
1.334313 0.832570 -0.681650
1.332922 0.833330 -0.685061
1.332193 0.833731 -0.688212
1.330715 0.834511 -0.691475
1.329600 0.835106 -0.694711
1.327232 0.836343 -0.697935
1.326751 0.836603 -0.701111
1.325124 0.837434 -0.704276
1.323460 0.838283 -0.707583
1.321770 0.839143 -0.710527
1.320673 0.839691 -0.713604
1.318898 0.840566 -0.716662
1.316229 0.841872 -0.719703
1.315850 0.842067 -0.722686
1.313959 0.842968 -0.725659
1.312045 0.843883 -0.729336
1.310653 0.844545 -0.731509
1.308648 0.845467 -0.734393
1.307383 0.846055 -0.737239
1.305072 0.847115 -0.740062
1.302964 0.848050 -0.742852
1.301722 0.848608 -0.745602
1.299140 0.849745 -0.748330
1.296910 0.850700 -0.751024
1.294644 0.851670 -0.753733
1.292829 0.852435 -0.756304
1.290489 0.853401 -0.758897
1.287979 0.854435 -0.761457
1.286152 0.855164 -0.763972
1.284508 0.855821 -0.766452
1.281642 0.856949 -0.768907
1.279116 0.857915 -0.771323
1.276410 0.858948 -0.773705
1.274356 0.859706 -0.776041
1.271733 0.860671 -0.778711
1.269425 0.861502 -0.780610
1.266989 0.862363 -0.782838
1.264326 0.863297 -0.785028
1.261549 0.864237 -0.787182
1.258816 0.865162 -0.789295
1.256213 0.866006 -0.791368
1.252887 0.867083 -0.793409
1.250716 0.867758 -0.795396
1.246932 0.868929 -0.797363
1.245062 0.869485 -0.799263
1.240952 0.870699 -0.801152
1.239255 0.871181 -0.802968
1.236192 0.872047 -0.805111
1.233298 0.872839 -0.806507
1.231199 0.873405 -0.808206
1.227197 0.874454 -0.809879
1.223990 0.875270 -0.811294
1.220957 0.876018 -0.813081
1.217705 0.876803 -0.814813
1.214583 0.877525 -0.816112
1.211264 0.878280 -0.817147
1.208081 0.878972 -0.818969
1.204604 0.879717 -0.820334
1.201456 0.880350 -0.821650
1.198159 0.881010 -0.822923
1.194717 0.881657 -0.824154
1.191355 0.882276 -0.825338
1.188422 0.882790 -0.826474
1.184446 0.883462 -0.827574
1.180905 0.884034 -0.828018
1.177440 0.884563 -0.829628
1.173790 0.885107 -0.830588
1.170344 0.885575 -0.831500
1.166790 0.886048 -0.832367
1.163624 0.886438 -0.833184
1.159567 0.886915 -0.833963
1.155909 0.887318 -0.834360
1.152275 0.887682 -0.835374
1.148618 0.888036 -0.836010
1.144921 0.888349 -0.836599
1.141232 0.888644 -0.837141
1.137523 0.888913 -0.838692
1.133799 0.889147 -0.838085
1.130072 0.889368 -0.838487
1.126327 0.889543 -0.838841
1.122581 0.889703 -0.839148
1.118815 0.889831 -0.838692
1.115064 0.889928 -0.839622
1.111300 0.890009 -0.839787
1.107532 0.890043 -0.839905
1.103762 0.890061 -0.839976
