1.190000 0.620000 0.600532
1.190000 0.620000 0.600133
1.190000 0.620000 0.599734
1.190000 0.620000 0.599335
1.190000 0.620000 0.598936
1.190000 0.620000 0.598537
1.190000 0.620000 0.598138
1.190000 0.620000 0.597739
1.190000 0.620000 0.597340
1.190000 0.620000 0.596942
1.190000 0.620000 0.596543
1.190000 0.620000 0.596144
1.190000 0.620000 0.595346
1.190000 0.620000 0.594947
1.190000 0.620000 0.594548
1.190000 0.620000 0.594149
1.190000 0.620000 0.593750
1.190000 0.620000 0.593351
1.190000 0.620000 0.592952
1.190000 0.620000 0.592553
1.190000 0.620000 0.592154
1.190000 0.620000 0.591755
1.190000 0.620000 0.591356
1.190000 0.620000 0.590958
1.190000 0.620000 0.590559
1.190000 0.620000 0.590160
1.190000 0.620000 0.589761
1.190000 0.620000 0.589362
1.190000 0.620000 0.588963
1.190000 0.620000 0.588564
1.190000 0.620000 0.588165
1.190000 0.620000 0.587766
1.190000 0.620000 0.587367
1.190000 0.620000 0.586968
1.190000 0.620000 0.586569
1.190000 0.620000 0.586170
1.190000 0.620000 0.585771
1.190000 0.620000 0.585372
1.190000 0.620000 0.584973
1.190000 0.620000 0.584575
1.190000 0.620000 0.584176
1.190000 0.620000 0.583777
1.190000 0.620000 0.583378
1.190000 0.620000 0.582979
1.190000 0.620000 0.582580
1.190000 0.620000 0.582181
1.190000 0.620000 0.581782
1.190000 0.620000 0.581383
1.190000 0.620000 0.580984
1.190000 0.620000 0.580585
1.190000 0.620000 0.580186
1.190000 0.620000 0.579787
1.190000 0.620000 0.579388
1.190000 0.620000 0.578989
1.190000 0.620000 0.578591
1.190000 0.620000 0.578192
1.190000 0.620000 0.577793
1.190000 0.620000 0.577394
1.190000 0.620000 0.576995
1.190000 0.620000 0.576596
1.190000 0.620000 0.576197
1.190000 0.620000 0.575798
1.190000 0.620000 0.575399
1.190000 0.620000 0.575000
1.190000 0.620000 0.574601
1.190000 0.620000 0.574202
1.190000 0.620000 0.573803
1.190000 0.620000 0.573404
1.190000 0.620000 0.573005
1.190000 0.620000 0.572606
1.190000 0.620000 0.572208
1.190000 0.620000 0.571809
1.190000 0.620000 0.571410
1.190000 0.620000 0.571011
1.190000 0.620000 0.570612
1.190000 0.620000 0.569814
1.190000 0.620000 0.569415
1.190000 0.620000 0.569016
1.190000 0.620000 0.568617
1.190000 0.620000 0.568218
1.190000 0.620000 0.567819
1.190000 0.620000 0.567420
1.190000 0.620000 0.567021
1.190000 0.620000 0.566622
1.190000 0.620000 0.566224
1.190000 0.620000 0.565825
1.190000 0.620000 0.565426
1.190000 0.620000 0.565027
1.190000 0.620000 0.564628
1.190000 0.620000 0.564229
1.190000 0.620000 0.563830
1.190000 0.620000 0.563431
1.190000 0.620000 0.563032
1.190000 0.620000 0.562633
1.190000 0.620000 0.562234
1.190000 0.620000 0.561835
1.190000 0.620000 0.561436
1.190000 0.620000 0.561037
1.190000 0.620000 0.560638
1.190000 0.620000 0.560239
1.190000 0.620000 0.559840
1.190000 0.620000 0.559442
1.190000 0.620000 0.559043
1.190000 0.620000 0.558644
1.190000 0.620000 0.558245
1.190000 0.620000 0.557846
1.190000 0.620000 0.557447
1.190000 0.620000 0.557048
1.190000 0.620000 0.556649
1.190000 0.620000 0.556250
1.190000 0.620000 0.555851
1.190000 0.620000 0.555452
1.190000 0.620000 0.555053
1.190000 0.620000 0.554654
1.190000 0.620000 0.554255
1.190000 0.620000 0.553856
1.190000 0.620000 0.553457
1.190000 0.620000 0.553059
1.190000 0.620000 0.552660
1.190000 0.620000 0.552261
1.190000 0.620000 0.551862
1.190000 0.620000 0.551463
1.190000 0.620000 0.551064
1.190000 0.620000 0.550665
1.190000 0.620000 0.550266
1.190000 0.620000 0.549867
1.190000 0.620000 0.549468
1.190000 0.620000 0.549069
1.190000 0.620000 0.548670
1.190000 0.620000 0.548271
1.190000 0.620000 0.547872
1.190000 0.620000 0.547473
1.190000 0.620000 0.547075
1.190000 0.620000 0.546676
1.190000 0.620000 0.546277
1.190000 0.620000 0.545878
1.190000 0.620000 0.545479
1.190000 0.620000 0.545080
1.190000 0.620000 0.544282
1.190000 0.620000 0.543883
1.190000 0.620000 0.543484
1.190000 0.620000 0.543085
1.190000 0.620000 0.542686
1.190000 0.620000 0.542287
1.190000 0.620000 0.541888
1.190000 0.620000 0.541489
1.190000 0.620000 0.541090
1.190000 0.620000 0.540692
1.190000 0.620000 0.540293
1.190000 0.620000 0.539894
1.190000 0.620000 0.539495
1.190000 0.620000 0.539096
1.190000 0.620000 0.538697
1.190000 0.620000 0.538298
1.190000 0.620000 0.537899
1.190000 0.620000 0.537500
1.190000 0.620000 0.537101
1.190000 0.620000 0.536702
1.190000 0.620000 0.536303
1.190000 0.620000 0.535904
1.190000 0.620000 0.535505
1.190000 0.620000 0.535106
1.190000 0.620000 0.534708
1.190000 0.620000 0.534309
1.190000 0.620000 0.533910
1.190000 0.620000 0.533511
1.190000 0.620000 0.533112
1.190000 0.620000 0.532713
1.190000 0.620000 0.532314
1.190000 0.620000 0.531915
1.190000 0.620000 0.531516
1.190000 0.620000 0.531117
1.190000 0.620000 0.530718
1.190000 0.620000 0.530319
1.190000 0.620000 0.529920
1.190000 0.620000 0.529521
1.190000 0.620000 0.529122
1.190000 0.620000 0.528723
1.190000 0.620000 0.528324
1.190000 0.620000 0.527926
1.190000 0.620000 0.527527
1.190000 0.620000 0.527128
1.190000 0.620000 0.526729
1.190000 0.620000 0.526330
1.190000 0.620000 0.525931
1.190000 0.620000 0.525532
1.190000 0.620000 0.525133
1.190000 0.620000 0.524734
1.190000 0.620000 0.524335
1.190000 0.620000 0.523936
1.190000 0.620000 0.523537
1.190000 0.620000 0.523138
1.190000 0.620000 0.522739
1.190000 0.620000 0.522340
1.190000 0.620000 0.521942
1.190000 0.620000 0.521543
1.190000 0.620000 0.521144
1.190000 0.620000 0.520745
1.190000 0.620000 0.520346
1.190000 0.620000 0.519947
1.190000 0.620000 0.519548
1.190000 0.620000 0.518750
1.190000 0.620000 0.518351
1.190000 0.620000 0.517952
1.190000 0.620000 0.517553
1.190000 0.620000 0.517154
1.190000 0.620000 0.516755
1.190000 0.620000 0.516356
1.190000 0.620000 0.515958
1.190000 0.620000 0.515559
1.190000 0.620000 0.515160
1.190000 0.620000 0.514761
1.190000 0.620000 0.514362
1.190000 0.620000 0.513963
1.190000 0.620000 0.513564
1.190000 0.620000 0.513165
1.190000 0.620000 0.512766
1.190000 0.620000 0.512367
1.190000 0.620000 0.511968
1.190000 0.620000 0.511569
1.190000 0.620000 0.511170
1.190000 0.620000 0.510771
1.190000 0.620000 0.510372
1.190000 0.620000 0.509973
1.190000 0.620000 0.509575
1.190000 0.620000 0.509176
1.190000 0.620000 0.508777
1.190000 0.620000 0.508378
1.190000 0.620000 0.507979
1.190000 0.620000 0.507580
1.190000 0.620000 0.507181
1.190000 0.620000 0.506782
1.190000 0.620000 0.506383
1.190000 0.620000 0.505984
1.190000 0.620000 0.505585
1.190000 0.620000 0.505186
1.190000 0.620000 0.504787
1.190000 0.620000 0.504388
1.190000 0.620000 0.503989
1.190000 0.620000 0.503590
1.190000 0.620000 0.503192
1.190000 0.620000 0.502793
1.190000 0.620000 0.502394
1.190000 0.620000 0.501995
1.190000 0.620000 0.501596
1.190000 0.620000 0.501197
1.190000 0.620000 0.500798
1.190000 0.620000 0.500399
1.190000 0.620000 0.500000
1.190000 0.620000 0.499601
1.190000 0.620000 0.499202
1.190000 0.620000 0.498803
1.190000 0.620000 0.498404
1.190000 0.620000 0.498005
1.190000 0.620000 0.497606
1.190000 0.620000 0.497208
1.190000 0.620000 0.496809
1.190000 0.620000 0.496410
1.190000 0.620000 0.496011
1.190000 0.620000 0.495612
1.190000 0.620000 0.495213
1.190000 0.620000 0.494814
1.190000 0.620000 0.494415
1.190000 0.620000 0.494016
1.190000 0.620000 0.493218
1.190000 0.620000 0.492819
1.190000 0.620000 0.492420
1.190000 0.620000 0.492021
1.190000 0.620000 0.491622
1.190000 0.620000 0.491223
1.190000 0.620000 0.490825
1.190000 0.620000 0.490426
1.190000 0.620000 0.490027
1.190000 0.620000 0.489628
1.190000 0.620000 0.489229
1.190000 0.620000 0.488830
1.190000 0.620000 0.488431
1.190000 0.620000 0.488032
1.190000 0.620000 0.487633
1.190000 0.620000 0.487234
1.190000 0.620000 0.486835
1.190000 0.620000 0.486436
1.190000 0.620000 0.486037
1.190000 0.620000 0.485638
1.190000 0.620000 0.485239
1.190000 0.620000 0.484841
1.190000 0.620000 0.484442
1.190000 0.620000 0.484043
1.190000 0.620000 0.483644
1.190000 0.620000 0.483245
1.190000 0.620000 0.482846
1.190000 0.620000 0.482447
1.190000 0.620000 0.482048
1.190000 0.620000 0.481649
1.190000 0.620000 0.481250
1.190000 0.620000 0.480851
1.190000 0.620000 0.480452
1.190000 0.620000 0.480053
1.190000 0.620000 0.479654
1.190000 0.620000 0.479255
1.190000 0.620000 0.478856
1.190000 0.620000 0.478457
1.190000 0.620000 0.478059
1.190000 0.620000 0.477660
1.190000 0.620000 0.477261
1.190000 0.620000 0.476862
1.190000 0.620000 0.476463
1.190000 0.620000 0.476064
1.190000 0.620000 0.475665
1.190000 0.620000 0.475266
1.190000 0.620000 0.474867
1.190000 0.620000 0.474468
1.190000 0.620000 0.474069
1.190000 0.620000 0.473670
1.190000 0.620000 0.473271
1.190000 0.620000 0.472872
1.190000 0.620000 0.472473
1.190000 0.620000 0.472075
1.190000 0.620000 0.471676
1.190000 0.620000 0.471277
1.190000 0.620000 0.470878
1.190000 0.620000 0.470479
1.190000 0.620000 0.470080
1.190000 0.620000 0.469681
1.190000 0.620000 0.469282
1.190000 0.620000 0.468883
1.190000 0.620000 0.468484
1.190000 0.620000 0.467686
1.190000 0.620000 0.467287
1.190000 0.620000 0.466888
1.190000 0.620000 0.466489
1.190000 0.620000 0.466091
1.190000 0.620000 0.465692
1.190000 0.620000 0.465293
1.190000 0.620000 0.464894
1.190000 0.620000 0.464495
1.190000 0.620000 0.464096
1.190000 0.620000 0.463697
1.190000 0.620000 0.463298
1.190000 0.620000 0.462899
1.190000 0.620000 0.462500
1.190000 0.620000 0.462101
1.190000 0.620000 0.461702
1.190000 0.620000 0.461303
1.190000 0.620000 0.460904
1.190000 0.620000 0.460505
1.190000 0.620000 0.460106
1.190000 0.620000 0.459707
1.190000 0.620000 0.459309
1.190000 0.620000 0.458910
1.190000 0.620000 0.458511
1.190000 0.620000 0.458112
1.190000 0.620000 0.457713
1.190000 0.620000 0.457314
1.190000 0.620000 0.456915
1.190000 0.620000 0.456516
1.190000 0.620000 0.456117
1.190000 0.620000 0.455718
1.190000 0.620000 0.455319
1.190000 0.620000 0.454920
1.190000 0.620000 0.454521
1.190000 0.620000 0.454122
1.190000 0.620000 0.453723
1.190000 0.620000 0.453325
1.190000 0.620000 0.452926
1.190000 0.620000 0.452527
1.190000 0.620000 0.452128
1.190000 0.620000 0.451729
1.190000 0.620000 0.451330
1.190000 0.620000 0.450931
1.190000 0.620000 0.450532
1.190000 0.620000 0.450133
1.190000 0.620000 0.449734
1.190000 0.620000 0.449335
1.190000 0.620000 0.448936
1.190000 0.620000 0.448537
1.190000 0.620000 0.448138
1.190000 0.620000 0.447739
1.190000 0.620000 0.447340
1.190000 0.620000 0.446942
1.190000 0.620000 0.446543
1.190000 0.620000 0.446144
1.190000 0.620000 0.445745
1.190000 0.620000 0.445346
1.190000 0.620000 0.444947
1.190000 0.620000 0.444548
1.190000 0.620000 0.444149
1.190000 0.620000 0.443750
1.190000 0.620000 0.443351
1.190000 0.620000 0.442952
1.190000 0.620000 0.442154
1.190000 0.620000 0.441755
1.190000 0.620000 0.441356
1.190000 0.620000 0.440958
1.190000 0.620000 0.440559
1.190000 0.620000 0.440160
1.190000 0.620000 0.439761
1.190000 0.620000 0.439362
1.190000 0.620000 0.438963
1.190000 0.620000 0.438564
1.190000 0.620000 0.438165
1.190000 0.620000 0.437766
1.190000 0.620000 0.437367
1.190000 0.620000 0.436968
1.190000 0.620000 0.436569
1.190000 0.620000 0.436170
1.190000 0.620000 0.435771
1.190000 0.620000 0.435372
1.190000 0.620000 0.434973
1.190000 0.620000 0.434575
1.190000 0.620000 0.434176
1.190000 0.620000 0.433777
1.190000 0.620000 0.433378
1.190000 0.620000 0.432979
1.190000 0.620000 0.432580
1.190000 0.620000 0.432181
1.190000 0.620000 0.431782
1.190000 0.620000 0.431383
1.190000 0.620000 0.430984
1.190000 0.620000 0.430585
1.190000 0.620000 0.430186
1.190000 0.620000 0.429787
1.190000 0.620000 0.429388
1.190000 0.620000 0.428989
1.190000 0.620000 0.428591
1.190000 0.620000 0.428192
1.190000 0.620000 0.427793
1.190000 0.620000 0.427394
1.190000 0.620000 0.426995
1.190000 0.620000 0.426596
1.190000 0.620000 0.426197
1.190000 0.620000 0.425798
1.190000 0.620000 0.425399
1.190000 0.620000 0.425000
1.190000 0.620000 0.424601
1.190000 0.620000 0.424202
1.190000 0.620000 0.423803
1.190000 0.620000 0.423404
1.190000 0.620000 0.423005
1.190000 0.620000 0.422606
1.190000 0.620000 0.422208
1.190000 0.620000 0.421809
1.190000 0.620000 0.421410
1.190000 0.620000 0.421011
1.190000 0.620000 0.420612
1.190000 0.620000 0.420213
1.190000 0.620000 0.419814
1.190000 0.620000 0.419415
1.190000 0.620000 0.419016
1.190000 0.620000 0.418617
1.190000 0.620000 0.418218
1.190000 0.620000 0.417819
1.190000 0.620000 0.417420
1.190000 0.620000 0.416622
1.190000 0.620000 0.416223
1.190000 0.620000 0.415825
1.190000 0.620000 0.415426
1.190000 0.620000 0.415027
1.190000 0.620000 0.414628
1.190000 0.620000 0.414229
1.190000 0.620000 0.413830
1.190000 0.620000 0.413431
1.190000 0.620000 0.413032
1.190000 0.620000 0.412633
1.190000 0.620000 0.412234
1.190000 0.620000 0.411835
1.190000 0.620000 0.411436
1.190000 0.620000 0.411037
1.190000 0.620000 0.410638
1.190000 0.620000 0.410239
1.190000 0.620000 0.409841
1.190000 0.620000 0.409442
1.190000 0.620000 0.409043
1.190000 0.620000 0.408644
1.190000 0.620000 0.408245
1.190000 0.620000 0.407846
1.190000 0.620000 0.407447
1.190000 0.620000 0.407048
1.190000 0.620000 0.406649
1.190000 0.620000 0.406250
1.190000 0.620000 0.405851
1.190000 0.620000 0.405452
1.190000 0.620000 0.405053
1.190000 0.620000 0.404654
1.190000 0.620000 0.404255
1.190000 0.620000 0.403856
1.190000 0.620000 0.403457
1.190000 0.620000 0.403059
1.190000 0.620000 0.402660
1.190000 0.620000 0.402261
1.190000 0.620000 0.401862
1.190000 0.620000 0.401463
1.190000 0.620000 0.401064
1.190000 0.620000 0.400665
1.190000 0.620000 0.400266
1.190000 0.620000 0.399867
1.190000 0.620000 0.399468
1.190000 0.620000 0.399069
1.190000 0.620000 0.398670
1.190000 0.620000 0.398271
1.190000 0.620000 0.397872
1.190000 0.620000 0.397473
1.190000 0.620000 0.397075
1.190000 0.620000 0.396676
1.190000 0.620000 0.396277
1.190000 0.620000 0.395878
1.190000 0.620000 0.395479
1.190000 0.620000 0.395080
1.190000 0.620000 0.394681
1.190000 0.620000 0.394282
1.190000 0.620000 0.393883
1.190000 0.620000 0.393484
1.190000 0.620000 0.393085
1.190000 0.620000 0.392686
1.190000 0.620000 0.392287
1.190000 0.620000 0.391888
1.190000 0.620000 0.391090
1.190000 0.620000 0.390692
1.190000 0.620000 0.390293
1.190000 0.620000 0.389894
1.190000 0.620000 0.389495
1.190000 0.620000 0.389096
1.190000 0.620000 0.388697
1.190000 0.620000 0.388298
1.190000 0.620000 0.387899
1.190000 0.620000 0.387500
1.190000 0.620000 0.387101
1.190000 0.620000 0.386702
1.190000 0.620000 0.386303
1.190000 0.620000 0.385904
1.190000 0.620000 0.385505
1.190000 0.620000 0.385106
1.190000 0.620000 0.384708
1.190000 0.620000 0.384309
1.190000 0.620000 0.383910
1.190000 0.620000 0.383511
1.190000 0.620000 0.383112
1.190000 0.620000 0.382713
1.190000 0.620000 0.382314
1.190000 0.620000 0.381915
1.190000 0.620000 0.381516
1.190000 0.620000 0.381117
1.190000 0.620000 0.380718
1.190000 0.620000 0.380319
1.190000 0.620000 0.379920
1.190000 0.620000 0.379521
1.190000 0.620000 0.379122
1.190000 0.620000 0.378724
1.190000 0.620000 0.378324
1.190000 0.620000 0.377926
1.190000 0.620000 0.377527
1.190000 0.620000 0.377128
1.190000 0.620000 0.376729
1.190000 0.620000 0.376330
1.190000 0.620000 0.375931
1.190000 0.620000 0.375532
1.190000 0.620000 0.375133
1.190000 0.620000 0.374734
1.190000 0.620000 0.374335
1.190000 0.620000 0.373936
1.190000 0.620000 0.373537
1.190000 0.620000 0.373138
1.190000 0.620000 0.372739
1.190000 0.620000 0.372340
1.190000 0.620000 0.371942
1.190000 0.620000 0.371543
1.190000 0.620000 0.371144
1.190000 0.620000 0.370745
1.190000 0.620000 0.370346
1.190000 0.620000 0.369947
1.190000 0.620000 0.369548
1.190000 0.620000 0.369149
1.190000 0.620000 0.368750
1.190000 0.620000 0.368351
1.190000 0.620000 0.367952
1.190000 0.620000 0.367553
1.190000 0.620000 0.367154
1.190000 0.620000 0.366755
1.190000 0.620000 0.366356
1.190000 0.620000 0.365559
1.190000 0.620000 0.365160
1.190000 0.620000 0.364761
1.190000 0.620000 0.364362
1.190000 0.620000 0.363963
1.190000 0.620000 0.363564
1.190000 0.620000 0.363165
1.190000 0.620000 0.362766
1.190000 0.620000 0.362367
1.190000 0.620000 0.361968
1.190000 0.620000 0.361569
1.190000 0.620000 0.361170
1.190000 0.620000 0.360771
1.190000 0.620000 0.360372
1.190000 0.620000 0.359973
1.190000 0.620000 0.359575
1.190000 0.620000 0.359176
1.190000 0.620000 0.358777
1.190000 0.620000 0.358378
1.190000 0.620000 0.357979
1.190000 0.620000 0.357580
1.190000 0.620000 0.357181
1.190000 0.620000 0.356782
1.190000 0.620000 0.356383
1.190000 0.620000 0.355984
1.190000 0.620000 0.355585
1.190000 0.620000 0.355186
1.190000 0.620000 0.354787
1.190000 0.620000 0.354388
1.190000 0.620000 0.353989
1.190000 0.620000 0.353590
1.190000 0.620000 0.353192
1.190000 0.620000 0.352793
1.190000 0.620000 0.352394
1.190000 0.620000 0.351995
1.190000 0.620000 0.351596
1.190000 0.620000 0.351197
1.190000 0.620000 0.350798
1.190000 0.620000 0.350399
1.190000 0.620000 0.350000
1.190000 0.620000 0.349601
1.190000 0.620000 0.349202
1.190000 0.620000 0.348803
1.190000 0.620000 0.348404
1.190000 0.620000 0.348005
1.190000 0.620000 0.347606
1.190000 0.620000 0.347208
1.190000 0.620000 0.346809
1.190000 0.620000 0.346410
1.190000 0.620000 0.346011
1.190000 0.620000 0.345612
1.190000 0.620000 0.345213
1.190000 0.620000 0.344814
1.190000 0.620000 0.344415
1.190000 0.620000 0.344016
1.190000 0.620000 0.343617
1.190000 0.620000 0.343218
1.190000 0.620000 0.342819
1.190000 0.620000 0.342420
1.190000 0.620000 0.342021
1.190000 0.620000 0.341622
1.190000 0.620000 0.341223
1.190000 0.620000 0.340825
1.190000 0.620000 0.340027
1.190000 0.620000 0.339628
1.190000 0.620000 0.339229
1.190000 0.620000 0.338830
1.190000 0.620000 0.338431
1.190000 0.620000 0.338032
1.190000 0.620000 0.337633
1.190000 0.620000 0.337234
1.190000 0.620000 0.336835
1.190000 0.620000 0.336436
1.190000 0.620000 0.336037
1.190000 0.620000 0.335638
1.190000 0.620000 0.335239
1.190000 0.620000 0.334840
1.190000 0.620000 0.334442
1.190000 0.620000 0.334043
1.190000 0.620000 0.333644
1.190000 0.620000 0.333245
1.190000 0.620000 0.332846
1.190000 0.620000 0.332447
1.190000 0.620000 0.332048
1.190000 0.620000 0.331649
1.190000 0.620000 0.331250
1.190000 0.620000 0.330851
1.190000 0.620000 0.330452
1.190000 0.620000 0.330053
1.190000 0.620000 0.329654
1.190000 0.620000 0.329255
1.190000 0.620000 0.328856
1.190000 0.620000 0.328458
1.190000 0.620000 0.328059
1.190000 0.620000 0.327660
1.190000 0.620000 0.327261
1.190000 0.620000 0.326862
1.190000 0.620000 0.326463
1.190000 0.620000 0.326064
1.190000 0.620000 0.325665
1.190000 0.620000 0.325266
1.190000 0.620000 0.324867
1.190000 0.620000 0.324468
1.190000 0.620000 0.324069
1.190000 0.620000 0.323670
1.190000 0.620000 0.323271
1.190000 0.620000 0.322872
1.190000 0.620000 0.322473
1.190000 0.620000 0.322075
1.190000 0.620000 0.321676
1.190000 0.620000 0.321277
1.190000 0.620000 0.320878
1.190000 0.620000 0.320479
1.190000 0.620000 0.320080
1.190000 0.620000 0.319681
1.190000 0.620000 0.319282
1.190000 0.620000 0.318883
1.190000 0.620000 0.318484
1.190000 0.620000 0.318085
1.190000 0.620000 0.317686
1.190000 0.620000 0.317287
1.190000 0.620000 0.316888
1.190000 0.620000 0.316489
1.190000 0.620000 0.316091
1.190000 0.620000 0.315692
1.190000 0.620000 0.315293
1.190000 0.620000 0.314495
1.190000 0.620000 0.314096
1.190000 0.620000 0.313697
1.190000 0.620000 0.313298
1.190000 0.620000 0.312899
1.190000 0.620000 0.312500
1.190000 0.620000 0.312101
1.190000 0.620000 0.311702
1.190000 0.620000 0.311303
1.190000 0.620000 0.310904
1.190000 0.620000 0.310505
1.190000 0.620000 0.310106
1.190000 0.620000 0.309708
1.190000 0.620000 0.309309
1.190000 0.620000 0.308910
1.190000 0.620000 0.308511
1.190000 0.620000 0.308112
1.190000 0.620000 0.307713
1.190000 0.620000 0.307314
1.190000 0.620000 0.306915
1.190000 0.620000 0.306516
1.190000 0.620000 0.306117
1.190000 0.620000 0.305718
1.190000 0.620000 0.305319
1.190000 0.620000 0.304920
1.190000 0.620000 0.304521
1.190000 0.620000 0.304122
1.190000 0.620000 0.303723
1.190000 0.620000 0.303324
1.190000 0.620000 0.302926
1.190000 0.620000 0.302527
1.190000 0.620000 0.302128
1.190000 0.620000 0.301729
1.190000 0.620000 0.301330
1.190000 0.620000 0.300931
1.190000 0.620000 0.300532
1.190000 0.620000 0.300133
1.190000 0.620000 0.299734
1.190000 0.620000 0.299335
1.190000 0.620000 0.298936
1.190000 0.620000 0.298537
1.190000 0.620000 0.298138
1.190000 0.620000 0.297739
1.190000 0.620000 0.297340
1.190000 0.620000 0.296942
1.190000 0.620000 0.296543
1.190000 0.620000 0.296144
1.190000 0.620000 0.295745
1.190000 0.620000 0.295346
1.190000 0.620000 0.294947
1.190000 0.620000 0.294548
1.190000 0.620000 0.294149
1.190000 0.620000 0.293750
1.190000 0.620000 0.293351
1.190000 0.620000 0.292952
1.190000 0.620000 0.292553
1.190000 0.620000 0.292154
1.190000 0.620000 0.291755
1.190000 0.620000 0.291356
1.190000 0.620000 0.290958
1.190000 0.620000 0.290559
1.190000 0.620000 0.290160
1.190000 0.620000 0.289761
1.190000 0.620000 0.288963
1.190000 0.620000 0.288564
1.190000 0.620000 0.288165
1.190000 0.620000 0.287766
1.190000 0.620000 0.287367
1.190000 0.620000 0.286968
1.190000 0.620000 0.286569
1.190000 0.620000 0.286170
1.190000 0.620000 0.285771
1.190000 0.620000 0.285372
1.190000 0.620000 0.284974
1.190000 0.620000 0.284575
1.190000 0.620000 0.284176
1.190000 0.620000 0.283777
1.190000 0.620000 0.283378
1.190000 0.620000 0.282979
1.190000 0.620000 0.282580
1.190000 0.620000 0.282181
1.190000 0.620000 0.281782
1.190000 0.620000 0.281383
1.190000 0.620000 0.280984
1.190000 0.620000 0.280585
1.190000 0.620000 0.280186
1.190000 0.620000 0.279787
1.190000 0.620000 0.279388
1.190000 0.620000 0.278989
1.190000 0.620000 0.278591
1.190000 0.620000 0.278192
1.190000 0.620000 0.277793
1.190000 0.620000 0.277394
1.190000 0.620000 0.276995
1.190000 0.620000 0.276596
1.190000 0.620000 0.276197
1.190000 0.620000 0.275798
1.190000 0.620000 0.275399
1.190000 0.620000 0.275000
1.190000 0.620000 0.274601
1.190000 0.620000 0.274202
1.190000 0.620000 0.273803
1.190000 0.620000 0.273404
1.190000 0.620000 0.273005
1.190000 0.620000 0.272606
1.190000 0.620000 0.272207
1.190000 0.620000 0.271809
1.190000 0.620000 0.271410
1.190000 0.620000 0.271011
1.190000 0.620000 0.270612
1.190000 0.620000 0.270213
1.190000 0.620000 0.269814
1.190000 0.620000 0.269415
1.190000 0.620000 0.269016
1.190000 0.620000 0.268617
1.190000 0.620000 0.268218
1.190000 0.620000 0.267819
1.190000 0.620000 0.267420
1.190000 0.620000 0.267021
1.190000 0.620000 0.266622
1.190000 0.620000 0.266223
1.190000 0.620000 0.265825
1.190000 0.620000 0.265426
1.190000 0.620000 0.265027
1.190000 0.620000 0.264628
1.190000 0.620000 0.264229
1.190000 0.620000 0.263431
1.190000 0.620000 0.263032
1.190000 0.620000 0.262633
1.190000 0.620000 0.262234
1.190000 0.620000 0.261835
1.190000 0.620000 0.261436
1.190000 0.620000 0.261037
1.190000 0.620000 0.260638
1.190000 0.620000 0.260239
1.190000 0.620000 0.259840
1.190000 0.620000 0.259442
1.190000 0.620000 0.259043
1.190000 0.620000 0.258644
1.190000 0.620000 0.258245
1.190000 0.620000 0.257846
1.190000 0.620000 0.257447
1.190000 0.620000 0.257048
1.190000 0.620000 0.256649
1.190000 0.620000 0.256250
1.190000 0.620000 0.255851
1.190000 0.620000 0.255452
1.190000 0.620000 0.255053
1.190000 0.620000 0.254654
1.190000 0.620000 0.254255
1.190000 0.620000 0.253856
1.190000 0.620000 0.253457
1.190000 0.620000 0.253059
1.190000 0.620000 0.252660
1.190000 0.620000 0.252261
1.190000 0.620000 0.251862
1.190000 0.620000 0.251463
1.190000 0.620000 0.251064
1.190000 0.620000 0.250665
1.190000 0.620000 0.250266
1.190000 0.620000 0.249867
1.190000 0.620000 0.249468
1.190000 0.620000 0.249069
1.190000 0.620000 0.248670
1.190000 0.620000 0.248271
1.190000 0.620000 0.247872
1.190000 0.620000 0.247473
1.190000 0.620000 0.247075
1.190000 0.620000 0.246676
1.190000 0.620000 0.246277
1.190000 0.620000 0.245878
1.190000 0.620000 0.245479
1.190000 0.620000 0.245080
1.190000 0.620000 0.244681
1.190000 0.620000 0.244282
1.190000 0.620000 0.243883
1.190000 0.620000 0.243484
1.190000 0.620000 0.243085
1.190000 0.620000 0.242686
1.190000 0.620000 0.242287
1.190000 0.620000 0.241888
1.190000 0.620000 0.241489
1.190000 0.620000 0.241090
1.190000 0.620000 0.240692
1.190000 0.620000 0.240293
1.190000 0.620000 0.239894
1.190000 0.620000 0.239495
1.190000 0.620000 0.239096
1.190000 0.620000 0.238697
1.190000 0.620000 0.237899
1.190000 0.620000 0.237500
1.190000 0.620000 0.237101
1.190000 0.620000 0.236702
1.190000 0.620000 0.236303
1.190000 0.620000 0.235904
1.190000 0.620000 0.235505
1.190000 0.620000 0.235106
1.190000 0.620000 0.234708
1.190000 0.620000 0.234309
1.190000 0.620000 0.233910
1.190000 0.620000 0.233511
1.190000 0.620000 0.233112
1.190000 0.620000 0.232713
1.190000 0.620000 0.232314
1.190000 0.620000 0.231915
1.190000 0.620000 0.231516
1.190000 0.620000 0.231117
1.190000 0.620000 0.230718
1.190000 0.620000 0.230319
1.190000 0.620000 0.229920
1.190000 0.620000 0.229521
1.190000 0.620000 0.229122
1.190000 0.620000 0.228723
1.190000 0.620000 0.228325
1.190000 0.620000 0.227926
1.190000 0.620000 0.227527
1.190000 0.620000 0.227128
1.190000 0.620000 0.226729
1.190000 0.620000 0.226330
1.190000 0.620000 0.225931
1.190000 0.620000 0.225532
1.190000 0.620000 0.225133
1.190000 0.620000 0.224734
1.190000 0.620000 0.224335
1.190000 0.620000 0.223936
1.190000 0.620000 0.223537
1.190000 0.620000 0.223138
1.190000 0.620000 0.222739
1.190000 0.620000 0.222340
1.190000 0.620000 0.221942
1.190000 0.620000 0.221543
1.190000 0.620000 0.221144
1.190000 0.620000 0.220745
1.190000 0.620000 0.220346
1.190000 0.620000 0.219947
1.190000 0.620000 0.219548
1.190000 0.620000 0.219149
1.190000 0.620000 0.218750
1.190000 0.620000 0.218351
1.190000 0.620000 0.217952
1.190000 0.620000 0.217553
1.190000 0.620000 0.217154
1.190000 0.620000 0.216755
1.190000 0.620000 0.216356
1.190000 0.620000 0.215958
1.190000 0.620000 0.215559
1.190000 0.620000 0.215160
1.190000 0.620000 0.214761
1.190000 0.620000 0.214362
1.190000 0.620000 0.213963
1.190000 0.620000 0.213564
1.190000 0.620000 0.213165
1.190000 0.620000 0.212367
1.190000 0.620000 0.211968
1.190000 0.620000 0.211569
1.190000 0.620000 0.211170
1.190000 0.620000 0.210771
1.190000 0.620000 0.210372
1.190000 0.620000 0.209973
1.190000 0.620000 0.209575
1.190000 0.620000 0.209176
1.190000 0.620000 0.208777
1.190000 0.620000 0.208378
1.190000 0.620000 0.207979
1.190000 0.620000 0.207580
1.190000 0.620000 0.207181
1.190000 0.620000 0.206782
1.190000 0.620000 0.206383
1.190000 0.620000 0.205984
1.190000 0.620000 0.205585
1.190000 0.620000 0.205186
1.190000 0.620000 0.204787
1.190000 0.620000 0.204388
1.190000 0.620000 0.203989
1.190000 0.620000 0.203590
1.190000 0.620000 0.203192
1.190000 0.620000 0.202793
1.190000 0.620000 0.202394
1.190000 0.620000 0.201995
1.190000 0.620000 0.201596
1.190000 0.620000 0.201197
1.190000 0.620000 0.200798
1.190000 0.620000 0.200399
1.190000 0.620000 0.200000
1.190000 0.620000 0.199601
1.190000 0.620000 0.199202
1.190000 0.620000 0.198803
1.190000 0.620000 0.198404
1.190000 0.620000 0.198005
1.190000 0.620000 0.197606
1.190000 0.620000 0.197207
1.190000 0.620000 0.196809
1.190000 0.620000 0.196410
1.190000 0.620000 0.196011
1.190000 0.620000 0.195612
1.190000 0.620000 0.195213
1.190000 0.620000 0.194814
1.190000 0.620000 0.194415
1.190000 0.620000 0.194016
1.190000 0.620000 0.193617
1.190000 0.620000 0.193218
1.190000 0.620000 0.192819
1.190000 0.620000 0.192420
1.190000 0.620000 0.192021
1.190000 0.620000 0.191622
1.190000 0.620000 0.191223
1.190000 0.620000 0.190824
1.190000 0.620000 0.190426
1.190000 0.620000 0.190027
1.190000 0.620000 0.189628
1.190000 0.620000 0.189229
1.190000 0.620000 0.188830
1.190000 0.620000 0.188431
1.190000 0.620000 0.188032
1.190000 0.620000 0.187633
1.190000 0.620000 0.186835
1.190000 0.620000 0.186436
1.190000 0.620000 0.186037
1.190000 0.620000 0.185638
1.190000 0.620000 0.185239
1.190000 0.620000 0.184840
1.190000 0.620000 0.184441
1.190000 0.620000 0.184043
1.190000 0.620000 0.183644
1.190000 0.620000 0.183245
1.190000 0.620000 0.182846
1.190000 0.620000 0.182447
1.190000 0.620000 0.182048
1.190000 0.620000 0.181649
1.190000 0.620000 0.181250
1.190000 0.620000 0.180851
1.190000 0.620000 0.180452
1.190000 0.620000 0.180053
1.190000 0.620000 0.179654
1.190000 0.620000 0.179255
1.190000 0.620000 0.178856
1.190000 0.620000 0.178457
1.190000 0.620000 0.178059
1.190000 0.620000 0.177660
1.190000 0.620000 0.177261
1.190000 0.620000 0.176862
1.190000 0.620000 0.176463
1.190000 0.620000 0.176064
1.190000 0.620000 0.175665
1.190000 0.620000 0.175266
1.190000 0.620000 0.174867
1.190000 0.620000 0.174468
1.190000 0.620000 0.174069
1.190000 0.620000 0.173670
1.190000 0.620000 0.173271
1.190000 0.620000 0.172872
1.190000 0.620000 0.172473
1.190000 0.620000 0.172074
1.190000 0.620000 0.171676
1.190000 0.620000 0.171277
1.190000 0.620000 0.170878
1.190000 0.620000 0.170479
1.190000 0.620000 0.170080
1.190000 0.620000 0.169681
1.190000 0.620000 0.169282
1.190000 0.620000 0.168883
1.190000 0.620000 0.168484
1.190000 0.620000 0.168085
1.190000 0.620000 0.167686
1.190000 0.620000 0.167287
1.190000 0.620000 0.166888
1.190000 0.620000 0.166489
1.190000 0.620000 0.166090
1.190000 0.620000 0.165691
1.190000 0.620000 0.165293
1.190000 0.620000 0.164894
1.190000 0.620000 0.164495
1.190000 0.620000 0.164096
1.190000 0.620000 0.163697
1.190000 0.620000 0.163298
1.190000 0.620000 0.162899
1.190000 0.620000 0.162500
1.190000 0.620000 0.162101
1.190000 0.620000 0.161303
1.190000 0.620000 0.160904
1.190000 0.620000 0.160505
1.190000 0.620000 0.160106
1.190000 0.620000 0.159707
1.190000 0.620000 0.159309
1.190000 0.620000 0.158910
1.190000 0.620000 0.158511
1.190000 0.620000 0.158112
1.190000 0.620000 0.157713
1.190000 0.620000 0.157314
1.190000 0.620000 0.156915
1.190000 0.620000 0.156516
1.190000 0.620000 0.156117
1.190000 0.620000 0.155718
1.190000 0.620000 0.155319
1.190000 0.620000 0.154920
1.190000 0.620000 0.154521
1.190000 0.620000 0.154122
1.190000 0.620000 0.153723
1.190000 0.620000 0.153324
1.190000 0.620000 0.152926
1.190000 0.620000 0.152527
1.190000 0.620000 0.152128
1.190000 0.620000 0.151729
1.190000 0.620000 0.151330
1.190000 0.620000 0.150931
1.190000 0.620000 0.150532
1.190000 0.620000 0.150133
1.190000 0.620000 0.149734
1.190000 0.620000 0.149335
1.190000 0.620000 0.148936
1.190000 0.620000 0.148537
1.190000 0.620000 0.148138
1.190000 0.620000 0.147739
1.190000 0.620000 0.147340
1.190000 0.620000 0.146942
1.190000 0.620000 0.146543
1.190000 0.620000 0.146144
1.190000 0.620000 0.145745
1.190000 0.620000 0.145346
1.190000 0.620000 0.144947
1.190000 0.620000 0.144548
1.190000 0.620000 0.144149
1.190000 0.620000 0.143750
1.190000 0.620000 0.143351
1.190000 0.620000 0.142952
1.190000 0.620000 0.142553
1.190000 0.620000 0.142154
1.190000 0.620000 0.141755
1.190000 0.620000 0.141356
1.190000 0.620000 0.140957
1.190000 0.620000 0.140559
1.190000 0.620000 0.140160
1.190000 0.620000 0.139761
1.190000 0.620000 0.139362
1.190000 0.620000 0.138963
1.190000 0.620000 0.138564
1.190000 0.620000 0.138165
1.190000 0.620000 0.137766
1.190000 0.620000 0.137367
1.190000 0.620000 0.136968
1.190000 0.620000 0.136569
1.190000 0.620000 0.135771
1.190000 0.620000 0.135372
1.190000 0.620000 0.134973
1.190000 0.620000 0.134574
1.190000 0.620000 0.134176
1.190000 0.620000 0.133777
1.190000 0.620000 0.133378
1.190000 0.620000 0.132979
1.190000 0.620000 0.132580
1.190000 0.620000 0.132181
1.190000 0.620000 0.131782
1.190000 0.620000 0.131383
1.190000 0.620000 0.130984
1.190000 0.620000 0.130585
1.190000 0.620000 0.130186
1.190000 0.620000 0.129787
1.190000 0.620000 0.129388
1.190000 0.620000 0.128989
1.190000 0.620000 0.128590
1.190000 0.620000 0.128192
1.190000 0.620000 0.127793
1.190000 0.620000 0.127394
1.190000 0.620000 0.126995
1.190000 0.620000 0.126596
1.190000 0.620000 0.126197
1.190000 0.620000 0.125798
1.190000 0.620000 0.125399
1.190000 0.620000 0.125000
1.190000 0.620000 0.124601
1.190000 0.620000 0.124202
1.190000 0.620000 0.123803
1.190000 0.620000 0.123404
1.190000 0.620000 0.123005
1.190000 0.620000 0.122606
1.190000 0.620000 0.122207
1.190000 0.620000 0.121809
1.190000 0.620000 0.121410
1.190000 0.620000 0.121011
1.190000 0.620000 0.120612
1.190000 0.620000 0.120213
1.190000 0.620000 0.119814
1.190000 0.620000 0.119415
1.190000 0.620000 0.119016
1.190000 0.620000 0.118617
1.190000 0.620000 0.118218
1.190000 0.620000 0.117819
1.190000 0.620000 0.117420
1.190000 0.620000 0.117021
1.190000 0.620000 0.116622
1.190000 0.620000 0.116223
1.190000 0.620000 0.115824
1.190000 0.620000 0.115426
1.190000 0.620000 0.115027
1.190000 0.620000 0.114628
1.190000 0.620000 0.114229
1.190000 0.620000 0.113830
1.190000 0.620000 0.113431
1.190000 0.620000 0.113032
1.190000 0.620000 0.112633
1.190000 0.620000 0.112234
1.190000 0.620000 0.111835
1.190000 0.620000 0.111436
1.190000 0.620000 0.111037
1.190000 0.620000 0.110239
1.190000 0.620000 0.109840
1.190000 0.620000 0.109441
1.190000 0.620000 0.109043
1.190000 0.620000 0.108644
1.190000 0.620000 0.108245
1.190000 0.620000 0.107846
1.190000 0.620000 0.107447
1.190000 0.620000 0.107048
1.190000 0.620000 0.106649
1.190000 0.620000 0.106250
1.190000 0.620000 0.105851
1.190000 0.620000 0.105452
1.190000 0.620000 0.105053
1.190000 0.620000 0.104654
1.190000 0.620000 0.104255
1.190000 0.620000 0.103856
1.190000 0.620000 0.103457
1.190000 0.620000 0.103059
1.190000 0.620000 0.102660
1.190000 0.620000 0.102261
1.190000 0.620000 0.101862
1.190000 0.620000 0.101463
1.190000 0.620000 0.101064
1.190000 0.620000 0.100665
1.190000 0.620000 0.100266
1.190000 0.620000 0.099867
1.190000 0.620000 0.099468
1.190000 0.620000 0.099069
1.190000 0.620000 0.098670
1.190000 0.620000 0.098271
1.190000 0.620000 0.097872
1.190000 0.620000 0.097473
1.190000 0.620000 0.097074
1.190000 0.620000 0.096676
1.190000 0.620000 0.096277
1.190000 0.620000 0.095878
1.190000 0.620000 0.095479
1.190000 0.620000 0.095080
1.190000 0.620000 0.094681
1.190000 0.620000 0.094282
1.190000 0.620000 0.093883
1.190000 0.620000 0.093484
1.190000 0.620000 0.093085
1.190000 0.620000 0.092686
1.190000 0.620000 0.092287
1.190000 0.620000 0.091888
1.190000 0.620000 0.091489
1.190000 0.620000 0.091090
1.190000 0.620000 0.090691
1.190000 0.620000 0.090293
1.190000 0.620000 0.089894
1.190000 0.620000 0.089495
1.190000 0.620000 0.089096
1.190000 0.620000 0.088697
1.190000 0.620000 0.088298
1.190000 0.620000 0.087899
1.190000 0.620000 0.087500
1.190000 0.620000 0.087101
1.190000 0.620000 0.086702
1.190000 0.620000 0.086303
1.190000 0.620000 0.085904
1.190000 0.620000 0.085505
1.190000 0.620000 0.084707
1.190000 0.620000 0.084309
1.190000 0.620000 0.083910
1.190000 0.620000 0.083511
1.190000 0.620000 0.083112
1.190000 0.620000 0.082713
1.190000 0.620000 0.082314
1.190000 0.620000 0.081915
1.190000 0.620000 0.081516
1.190000 0.620000 0.081117
1.190000 0.620000 0.080718
1.190000 0.620000 0.080319
1.190000 0.620000 0.079920
1.190000 0.620000 0.079521
1.190000 0.620000 0.079122
1.190000 0.620000 0.078723
1.190000 0.620000 0.078324
1.190000 0.620000 0.077926
1.190000 0.620000 0.077527
1.190000 0.620000 0.077128
1.190000 0.620000 0.076729
1.190000 0.620000 0.076330
1.190000 0.620000 0.075931
1.190000 0.620000 0.075532
1.190000 0.620000 0.075133
1.190000 0.620000 0.074734
1.190000 0.620000 0.074335
1.190000 0.620000 0.073936
1.190000 0.620000 0.073537
1.190000 0.620000 0.073138
1.190000 0.620000 0.072739
1.190000 0.620000 0.072340
1.190000 0.620000 0.071941
1.190000 0.620000 0.071543
1.190000 0.620000 0.071144
1.190000 0.620000 0.070745
1.190000 0.620000 0.070346
1.190000 0.620000 0.069947
1.190000 0.620000 0.069548
1.190000 0.620000 0.069149
1.190000 0.620000 0.068750
1.190000 0.620000 0.068351
1.190000 0.620000 0.067952
1.190000 0.620000 0.067553
1.190000 0.620000 0.067154
1.190000 0.620000 0.066755
1.190000 0.620000 0.066356
1.190000 0.620000 0.065957
1.190000 0.620000 0.065559
1.190000 0.620000 0.065160
1.190000 0.620000 0.064761
1.190000 0.620000 0.064362
1.190000 0.620000 0.063963
1.190000 0.620000 0.063564
1.190000 0.620000 0.063165
1.190000 0.620000 0.062766
1.190000 0.620000 0.062367
1.190000 0.620000 0.061968
1.190000 0.620000 0.061569
1.190000 0.620000 0.061170
1.190000 0.620000 0.060771
1.190000 0.620000 0.060372
1.190000 0.620000 0.059973
1.190000 0.620000 0.059176
1.190000 0.620000 0.058777
1.190000 0.620000 0.058378
1.190000 0.620000 0.057979
1.190000 0.620000 0.057580
1.190000 0.620000 0.057181
1.190000 0.620000 0.056782
1.190000 0.620000 0.056383
1.190000 0.620000 0.055984
1.190000 0.620000 0.055585
1.190000 0.620000 0.055186
1.190000 0.620000 0.054787
1.190000 0.620000 0.054388
1.190000 0.620000 0.053989
1.190000 0.620000 0.053590
1.190000 0.620000 0.053191
1.190000 0.620000 0.052793
1.190000 0.620000 0.052394
1.190000 0.620000 0.051995
1.190000 0.620000 0.051596
1.190000 0.620000 0.051197
1.190000 0.620000 0.050798
1.190000 0.620000 0.050399
1.190000 0.620000 0.050000
1.190000 0.620000 0.049601
1.190000 0.620000 0.049202
1.190000 0.620000 0.048803
1.190000 0.620000 0.048404
1.190000 0.620000 0.048005
1.190000 0.620000 0.047606
1.190000 0.620000 0.047207
1.190000 0.620000 0.046809
1.190000 0.620000 0.046410
1.190000 0.620000 0.046011
1.190000 0.620000 0.045612
1.190000 0.620000 0.045213
1.190000 0.620000 0.044814
1.190000 0.620000 0.044415
1.190000 0.620000 0.044016
1.190000 0.620000 0.043617
1.190000 0.620000 0.043218
1.190000 0.620000 0.042819
1.190000 0.620000 0.042420
1.190000 0.620000 0.042021
1.190000 0.620000 0.041622
1.190000 0.620000 0.041223
1.190000 0.620000 0.040825
1.190000 0.620000 0.040426
1.190000 0.620000 0.040027
1.190000 0.620000 0.039628
1.190000 0.620000 0.039229
1.190000 0.620000 0.038830
1.190000 0.620000 0.038431
1.190000 0.620000 0.038032
1.190000 0.620000 0.037633
1.190000 0.620000 0.037234
1.190000 0.620000 0.036835
1.190000 0.620000 0.036436
1.190000 0.620000 0.036037
1.190000 0.620000 0.035638
1.190000 0.620000 0.035239
1.190000 0.620000 0.034840
1.190000 0.620000 0.034442
1.190000 0.620000 0.033644
1.190000 0.620000 0.033245
1.190000 0.620000 0.032846
1.190000 0.620000 0.032447
1.190000 0.620000 0.032048
1.190000 0.620000 0.031649
1.190000 0.620000 0.031250
1.190000 0.620000 0.030851
1.190000 0.620000 0.030452
1.190000 0.620000 0.030053
1.190000 0.620000 0.029654
1.190000 0.620000 0.029255
1.190000 0.620000 0.028856
1.190000 0.620000 0.028457
1.190000 0.620000 0.028059
1.190000 0.620000 0.027660
1.190000 0.620000 0.027261
1.190000 0.620000 0.026862
1.190000 0.620000 0.026463
1.190000 0.620000 0.026064
1.190000 0.620000 0.025665
1.190000 0.620000 0.025266
1.190000 0.620000 0.024867
1.190000 0.620000 0.024468
1.190000 0.620000 0.024069
1.190000 0.620000 0.023670
1.190000 0.620000 0.023271
1.190000 0.620000 0.022872
1.190000 0.620000 0.022473
1.190000 0.620000 0.022075
1.190000 0.620000 0.021676
1.190000 0.620000 0.021277
1.190000 0.620000 0.020878
1.190000 0.620000 0.020479
1.190000 0.620000 0.020080
1.190000 0.620000 0.019681
1.190000 0.620000 0.019282
1.190000 0.620000 0.018883
1.190000 0.620000 0.018484
1.190000 0.620000 0.018085
1.190000 0.620000 0.017686
1.190000 0.620000 0.017287
1.190000 0.620000 0.016888
1.190000 0.620000 0.016489
1.190000 0.620000 0.016090
1.190000 0.620000 0.015691
1.190000 0.620000 0.015293
1.190000 0.620000 0.014894
1.190000 0.620000 0.014495
1.190000 0.620000 0.014096
1.190000 0.620000 0.013697
1.190000 0.620000 0.013298
1.190000 0.620000 0.012899
1.190000 0.620000 0.012500
1.190000 0.620000 0.012101
1.190000 0.620000 0.011702
1.190000 0.620000 0.011303
1.190000 0.620000 0.010904
1.190000 0.620000 0.010505
1.190000 0.620000 0.010106
1.190000 0.620000 0.009707
1.190000 0.620000 0.009309
1.190000 0.620000 0.008910
1.190000 0.620000 0.008112
1.190000 0.620000 0.007713
1.190000 0.620000 0.007314
1.190000 0.620000 0.006915
1.190000 0.620000 0.006516
1.190000 0.620000 0.006117
1.190000 0.620000 0.005718
1.190000 0.620000 0.005319
1.190000 0.620000 0.004920
1.190000 0.620000 0.004521
1.190000 0.620000 0.004122
1.190000 0.620000 0.003723
1.190000 0.620000 0.003324
1.190000 0.620000 0.002926
1.190000 0.620000 0.002527
1.190000 0.620000 0.002128
1.190000 0.620000 0.001729
1.190000 0.620000 0.001330
1.190000 0.620000 0.000931
1.190000 0.620000 0.000532
1.190000 0.620000 0.000133
1.190000 0.620000 -0.000266
1.190000 0.620000 -0.000665
1.190000 0.620000 -0.001064
1.190000 0.620000 -0.001463
1.190000 0.620000 -0.001862
1.190000 0.620000 -0.002261
1.190000 0.620000 -0.002660
1.190000 0.620000 -0.003059
1.190000 0.620000 -0.003457
1.190000 0.620000 -0.003856
1.190000 0.620000 -0.004255
1.190000 0.620000 -0.004654
1.190000 0.620000 -0.005053
1.190000 0.620000 -0.005452
1.190000 0.620000 -0.005851
1.190000 0.620000 -0.006250
1.190000 0.620000 -0.006649
1.190000 0.620000 -0.007048
1.190000 0.620000 -0.007447
1.190000 0.620000 -0.007846
1.190000 0.620000 -0.008245
1.190000 0.620000 -0.008644
1.190000 0.620000 -0.009043
1.190000 0.620000 -0.009441
1.190000 0.620000 -0.009840
1.190000 0.620000 -0.010239
1.190000 0.620000 -0.010638
1.190000 0.620000 -0.011037
1.190000 0.620000 -0.011436
1.190000 0.620000 -0.011835
1.190000 0.620000 -0.012234
1.190000 0.620000 -0.012633
1.190000 0.620000 -0.013032
1.190000 0.620000 -0.013431
1.190000 0.620000 -0.013830
1.190000 0.620000 -0.014229
1.190000 0.620000 -0.014628
1.190000 0.620000 -0.015027
1.190000 0.620000 -0.015425
1.190000 0.620000 -0.015824
1.190000 0.620000 -0.016223
1.190000 0.620000 -0.016622
1.190000 0.620000 -0.017420
1.190000 0.620000 -0.017819
1.190000 0.620000 -0.018218
1.190000 0.620000 -0.018617
1.190000 0.620000 -0.019016
1.190000 0.620000 -0.019415
1.190000 0.620000 -0.019814
1.190000 0.620000 -0.020213
1.190000 0.620000 -0.020612
1.190000 0.620000 -0.021011
1.190000 0.620000 -0.021410
1.190000 0.620000 -0.021808
1.190000 0.620000 -0.022207
1.190000 0.620000 -0.022606
1.190000 0.620000 -0.023005
1.190000 0.620000 -0.023404
1.190000 0.620000 -0.023803
1.190000 0.620000 -0.024202
1.190000 0.620000 -0.024601
1.190000 0.620000 -0.025000
1.190000 0.620000 -0.025399
1.190000 0.620000 -0.025798
1.190000 0.620000 -0.026197
1.190000 0.620000 -0.026596
1.190000 0.620000 -0.026995
1.190000 0.620000 -0.027394
1.190000 0.620000 -0.027793
1.190000 0.620000 -0.028191
1.190000 0.620000 -0.028590
1.190000 0.620000 -0.028989
1.190000 0.620000 -0.029388
1.190000 0.620000 -0.029787
1.190000 0.620000 -0.030186
1.190000 0.620000 -0.030585
1.190000 0.620000 -0.030984
1.190000 0.620000 -0.031383
1.190000 0.620000 -0.031782
1.190000 0.620000 -0.032181
1.190000 0.620000 -0.032580
1.190000 0.620000 -0.032979
1.190000 0.620000 -0.033378
1.190000 0.620000 -0.033777
1.190000 0.620000 -0.034176
1.190000 0.620000 -0.034574
1.190000 0.620000 -0.034973
1.190000 0.620000 -0.035372
1.190000 0.620000 -0.035771
1.190000 0.620000 -0.036170
1.190000 0.620000 -0.036569
1.190000 0.620000 -0.036968
1.190000 0.620000 -0.037367
1.190000 0.620000 -0.037766
1.190000 0.620000 -0.038165
1.190000 0.620000 -0.038564
1.190000 0.620000 -0.038963
1.190000 0.620000 -0.039362
1.190000 0.620000 -0.039761
1.190000 0.620000 -0.040160
1.190000 0.620000 -0.040558
1.190000 0.620000 -0.040957
1.190000 0.620000 -0.041356
1.190000 0.620000 -0.041755
1.190000 0.620000 -0.042154
1.190000 0.620000 -0.042952
1.190000 0.620000 -0.043351
1.190000 0.620000 -0.043750
1.190000 0.620000 -0.044149
1.190000 0.620000 -0.044548
1.190000 0.620000 -0.044947
1.190000 0.620000 -0.045346
1.190000 0.620000 -0.045745
1.190000 0.620000 -0.046144
1.190000 0.620000 -0.046543
1.190000 0.620000 -0.046941
1.190000 0.620000 -0.047340
1.190000 0.620000 -0.047739
1.190000 0.620000 -0.048138
1.190000 0.620000 -0.048537
1.190000 0.620000 -0.048936
1.190000 0.620000 -0.049335
1.190000 0.620000 -0.049734
1.190000 0.620000 -0.050133
1.190000 0.620000 -0.050532
1.190000 0.620000 -0.050931
1.190000 0.620000 -0.051330
1.190000 0.620000 -0.051729
1.190000 0.620000 -0.052128
1.190000 0.620000 -0.052527
1.190000 0.620000 -0.052926
1.190000 0.620000 -0.053325
1.190000 0.620000 -0.053723
1.190000 0.620000 -0.054122
1.190000 0.620000 -0.054521
1.190000 0.620000 -0.054920
1.190000 0.620000 -0.055319
1.190000 0.620000 -0.055718
1.190000 0.620000 -0.056117
1.190000 0.620000 -0.056516
1.190000 0.620000 -0.056915
1.190000 0.620000 -0.057314
1.190000 0.620000 -0.057713
1.190000 0.620000 -0.058112
1.190000 0.620000 -0.058511
1.190000 0.620000 -0.058910
1.190000 0.620000 -0.059308
1.190000 0.620000 -0.059707
1.190000 0.620000 -0.060106
1.190000 0.620000 -0.060505
1.190000 0.620000 -0.060904
1.190000 0.620000 -0.061303
1.190000 0.620000 -0.061702
1.190000 0.620000 -0.062101
1.190000 0.620000 -0.062500
1.190000 0.620000 -0.062899
1.190000 0.620000 -0.063298
1.190000 0.620000 -0.063697
1.190000 0.620000 -0.064096
1.190000 0.620000 -0.064495
1.190000 0.620000 -0.064894
1.190000 0.620000 -0.065293
1.190000 0.620000 -0.065691
1.190000 0.620000 -0.066090
1.190000 0.620000 -0.066489
1.190000 0.620000 -0.066888
1.190000 0.620000 -0.067287
1.190000 0.620000 -0.067686
1.190000 0.620000 -0.068484
1.190000 0.620000 -0.068883
1.190000 0.620000 -0.069282
1.190000 0.620000 -0.069681
1.190000 0.620000 -0.070080
1.190000 0.620000 -0.070479
1.190000 0.620000 -0.070878
1.190000 0.620000 -0.071277
1.190000 0.620000 -0.071675
1.190000 0.620000 -0.072075
1.190000 0.620000 -0.072473
1.190000 0.620000 -0.072872
1.190000 0.620000 -0.073271
1.190000 0.620000 -0.073670
1.190000 0.620000 -0.074069
1.190000 0.620000 -0.074468
1.190000 0.620000 -0.074867
1.190000 0.620000 -0.075266
1.190000 0.620000 -0.075665
1.190000 0.620000 -0.076064
1.190000 0.620000 -0.076463
1.190000 0.620000 -0.076862
1.190000 0.620000 -0.077261
1.190000 0.620000 -0.077660
1.190000 0.620000 -0.078059
1.190000 0.620000 -0.078457
1.190000 0.620000 -0.078856
1.190000 0.620000 -0.079255
1.190000 0.620000 -0.079654
1.190000 0.620000 -0.080053
1.190000 0.620000 -0.080452
1.190000 0.620000 -0.080851
1.190000 0.620000 -0.081250
1.190000 0.620000 -0.081649
1.190000 0.620000 -0.082048
1.190000 0.620000 -0.082447
1.190000 0.620000 -0.082846
1.190000 0.620000 -0.083245
1.190000 0.620000 -0.083644
1.190000 0.620000 -0.084043
1.190000 0.620000 -0.084441
1.190000 0.620000 -0.084840
1.190000 0.620000 -0.085239
1.190000 0.620000 -0.085638
1.190000 0.620000 -0.086037
1.190000 0.620000 -0.086436
1.190000 0.620000 -0.086835
1.190000 0.620000 -0.087234
1.190000 0.620000 -0.087633
1.190000 0.620000 -0.088032
1.190000 0.620000 -0.088431
1.190000 0.620000 -0.088830
1.190000 0.620000 -0.089229
1.190000 0.620000 -0.089628
1.190000 0.620000 -0.090027
1.190000 0.620000 -0.090426
1.190000 0.620000 -0.090824
1.190000 0.620000 -0.091223
1.190000 0.620000 -0.091622
1.190000 0.620000 -0.092021
1.190000 0.620000 -0.092420
1.190000 0.620000 -0.092819
1.190000 0.620000 -0.093218
1.190000 0.620000 -0.094016
1.190000 0.620000 -0.094415
1.190000 0.620000 -0.094814
1.190000 0.620000 -0.095213
1.190000 0.620000 -0.095612
1.190000 0.620000 -0.096011
1.190000 0.620000 -0.096410
1.190000 0.620000 -0.096808
1.190000 0.620000 -0.097207
1.190000 0.620000 -0.097606
1.190000 0.620000 -0.098005
1.190000 0.620000 -0.098404
1.190000 0.620000 -0.098803
1.190000 0.620000 -0.099202
1.190000 0.620000 -0.099601
1.190000 0.620000 -0.100000
1.190000 0.620000 -0.100399
1.190000 0.620000 -0.100798
1.190000 0.620000 -0.101197
1.190000 0.620000 -0.101596
1.190000 0.620000 -0.101995
1.190000 0.620000 -0.102394
1.190000 0.620000 -0.102793
1.190000 0.620000 -0.103191
1.190000 0.620000 -0.103590
1.190000 0.620000 -0.103989
1.190000 0.620000 -0.104388
1.190000 0.620000 -0.104787
1.190000 0.620000 -0.105186
1.190000 0.620000 -0.105585
1.190000 0.620000 -0.105984
1.190000 0.620000 -0.106383
1.190000 0.620000 -0.106782
1.190000 0.620000 -0.107181
1.190000 0.620000 -0.107580
1.190000 0.620000 -0.107979
1.190000 0.620000 -0.108378
1.190000 0.620000 -0.108777
1.190000 0.620000 -0.109175
1.190000 0.620000 -0.109574
1.190000 0.620000 -0.109973
1.190000 0.620000 -0.110372
1.190000 0.620000 -0.110771
1.190000 0.620000 -0.111170
1.190000 0.620000 -0.111569
1.190000 0.620000 -0.111968
1.190000 0.620000 -0.112367
1.190000 0.620000 -0.112766
1.190000 0.620000 -0.113165
1.190000 0.620000 -0.113564
1.190000 0.620000 -0.113963
1.190000 0.620000 -0.114362
1.190000 0.620000 -0.114761
1.190000 0.620000 -0.115160
1.190000 0.620000 -0.115558
1.190000 0.620000 -0.115957
1.190000 0.620000 -0.116356
1.190000 0.620000 -0.116755
1.190000 0.620000 -0.117154
1.190000 0.620000 -0.117553
1.190000 0.620000 -0.117952
1.190000 0.620000 -0.118351
1.190000 0.620000 -0.118750
1.190000 0.620000 -0.119548
1.190000 0.620000 -0.119947
1.190000 0.620000 -0.120346
1.190000 0.620000 -0.120745
1.190000 0.620000 -0.121144
1.190000 0.620000 -0.121543
1.190000 0.620000 -0.121941
1.190000 0.620000 -0.122340
1.190000 0.620000 -0.122739
1.190000 0.620000 -0.123138
1.190000 0.620000 -0.123537
1.190000 0.620000 -0.123936
1.190000 0.620000 -0.124335
1.190000 0.620000 -0.124734
1.190000 0.620000 -0.125133
1.190000 0.620000 -0.125532
1.190000 0.620000 -0.125931
1.190000 0.620000 -0.126330
1.190000 0.620000 -0.126729
1.190000 0.620000 -0.127128
1.190000 0.620000 -0.127527
1.190000 0.620000 -0.127926
1.190000 0.620000 -0.128324
1.190000 0.620000 -0.128723
1.190000 0.620000 -0.129122
1.190000 0.620000 -0.129521
1.190000 0.620000 -0.129920
1.190000 0.620000 -0.130319
1.190000 0.620000 -0.130718
1.190000 0.620000 -0.131117
1.190000 0.620000 -0.131516
1.190000 0.620000 -0.131915
1.190000 0.620000 -0.132314
1.190000 0.620000 -0.132713
1.190000 0.620000 -0.133112
1.190000 0.620000 -0.133511
1.190000 0.620000 -0.133910
1.190000 0.620000 -0.134308
1.190000 0.620000 -0.134707
1.190000 0.620000 -0.135106
1.190000 0.620000 -0.135505
1.190000 0.620000 -0.135904
1.190000 0.620000 -0.136303
1.190000 0.620000 -0.136702
1.190000 0.620000 -0.137101
1.190000 0.620000 -0.137500
1.190000 0.620000 -0.137899
1.190000 0.620000 -0.138298
1.190000 0.620000 -0.138697
1.190000 0.620000 -0.139096
1.190000 0.620000 -0.139495
1.190000 0.620000 -0.139894
1.190000 0.620000 -0.140293
1.190000 0.620000 -0.140691
1.190000 0.620000 -0.141090
1.190000 0.620000 -0.141489
1.190000 0.620000 -0.141888
1.190000 0.620000 -0.142287
1.190000 0.620000 -0.142686
1.190000 0.620000 -0.143085
1.190000 0.620000 -0.143484
1.190000 0.620000 -0.143883
1.190000 0.620000 -0.144282
1.190000 0.620000 -0.145080
1.190000 0.620000 -0.145479
1.190000 0.620000 -0.145878
1.190000 0.620000 -0.146277
1.190000 0.620000 -0.146675
1.190000 0.620000 -0.147074
1.190000 0.620000 -0.147473
1.190000 0.620000 -0.147872
1.190000 0.620000 -0.148271
1.190000 0.620000 -0.148670
1.190000 0.620000 -0.149069
1.190000 0.620000 -0.149468
1.190000 0.620000 -0.149867
1.190000 0.620000 -0.150266
1.190000 0.620000 -0.150665
1.190000 0.620000 -0.151064
1.190000 0.620000 -0.151463
1.190000 0.620000 -0.151862
1.190000 0.620000 -0.152261
1.190000 0.620000 -0.152660
1.190000 0.620000 -0.153058
1.190000 0.620000 -0.153457
1.190000 0.620000 -0.153856
1.190000 0.620000 -0.154255
1.190000 0.620000 -0.154654
1.190000 0.620000 -0.155053
1.190000 0.620000 -0.155452
1.190000 0.620000 -0.155851
1.190000 0.620000 -0.156250
1.190000 0.620000 -0.156649
1.190000 0.620000 -0.157048
1.190000 0.620000 -0.157447
1.190000 0.620000 -0.157846
1.190000 0.620000 -0.158245
1.190000 0.620000 -0.158644
1.190000 0.620000 -0.159042
1.190000 0.620000 -0.159441
1.190000 0.620000 -0.159840
1.190000 0.620000 -0.160239
1.190000 0.620000 -0.160638
1.190000 0.620000 -0.161037
1.190000 0.620000 -0.161436
1.190000 0.620000 -0.161835
1.190000 0.620000 -0.162234
1.190000 0.620000 -0.162633
1.190000 0.620000 -0.163032
1.190000 0.620000 -0.163431
1.190000 0.620000 -0.163830
1.190000 0.620000 -0.164229
1.190000 0.620000 -0.164628
1.190000 0.620000 -0.165027
1.190000 0.620000 -0.165425
1.190000 0.620000 -0.165824
1.190000 0.620000 -0.166223
1.190000 0.620000 -0.166622
1.190000 0.620000 -0.167021
1.190000 0.620000 -0.167420
1.190000 0.620000 -0.167819
1.190000 0.620000 -0.168218
1.190000 0.620000 -0.168617
1.190000 0.620000 -0.169016
1.190000 0.620000 -0.169415
1.190000 0.620000 -0.169814
1.190000 0.620000 -0.170612
1.190000 0.620000 -0.171011
1.190000 0.620000 -0.171410
1.190000 0.620000 -0.171808
1.190000 0.620000 -0.172207
1.190000 0.620000 -0.172606
1.190000 0.620000 -0.173005
1.190000 0.620000 -0.173404
1.190000 0.620000 -0.173803
1.190000 0.620000 -0.174202
1.190000 0.620000 -0.174601
1.190000 0.620000 -0.175000
1.190000 0.620000 -0.175399
1.190000 0.620000 -0.175798
1.190000 0.620000 -0.176197
1.190000 0.620000 -0.176596
1.190000 0.620000 -0.176995
1.190000 0.620000 -0.177394
1.190000 0.620000 -0.177793
1.190000 0.620000 -0.178191
1.190000 0.620000 -0.178590
1.190000 0.620000 -0.178989
1.190000 0.620000 -0.179388
1.190000 0.620000 -0.179787
1.190000 0.620000 -0.180186
1.190000 0.620000 -0.180585
1.190000 0.620000 -0.180984
1.190000 0.620000 -0.181383
1.190000 0.620000 -0.181782
1.190000 0.620000 -0.182181
1.190000 0.620000 -0.182580
1.190000 0.620000 -0.182979
1.190000 0.620000 -0.183378
1.190000 0.620000 -0.183777
1.190000 0.620000 -0.184175
1.190000 0.620000 -0.184574
1.190000 0.620000 -0.184973
1.190000 0.620000 -0.185372
1.190000 0.620000 -0.185771
1.190000 0.620000 -0.186170
1.190000 0.620000 -0.186569
1.190000 0.620000 -0.186968
1.190000 0.620000 -0.187367
1.190000 0.620000 -0.187766
1.190000 0.620000 -0.188165
1.190000 0.620000 -0.188564
1.190000 0.620000 -0.188963
1.190000 0.620000 -0.189362
1.190000 0.620000 -0.189761
1.190000 0.620000 -0.190160
1.190000 0.620000 -0.190558
1.190000 0.620000 -0.190957
1.190000 0.620000 -0.191356
1.190000 0.620000 -0.191755
1.190000 0.620000 -0.192154
1.190000 0.620000 -0.192553
1.190000 0.620000 -0.192952
1.190000 0.620000 -0.193351
1.190000 0.620000 -0.193750
1.190000 0.620000 -0.194149
1.190000 0.620000 -0.194548
1.190000 0.620000 -0.194947
1.190000 0.620000 -0.195346
1.190000 0.620000 -0.196144
1.190000 0.620000 -0.196543
1.190000 0.620000 -0.196941
1.190000 0.620000 -0.197340
1.190000 0.620000 -0.197739
1.190000 0.620000 -0.198138
1.190000 0.620000 -0.198537
1.190000 0.620000 -0.198936
1.190000 0.620000 -0.199335
1.190000 0.620000 -0.199734
1.190000 0.620000 -0.200133
