0.901102 0.528091 0.200000
0.901387 0.528292 0.200000
0.901609 0.528449 0.200000
0.901815 0.528594 0.200000
0.901958 0.528695 0.200000
0.902243 0.528896 0.200000
0.902485 0.529066 0.200000
0.902671 0.529197 0.200000
0.902957 0.529398 0.200000
0.903100 0.529498 0.200000
0.903386 0.529698 0.200000
0.903567 0.529825 0.200000
0.903815 0.529998 0.200000
0.903958 0.530098 0.200000
0.904245 0.530297 0.200000
0.904449 0.530440 0.200000
0.904674 0.530596 0.200000
0.904818 0.530696 0.200000
0.905105 0.530895 0.200000
0.905344 0.531061 0.200000
0.905535 0.531193 0.200000
0.905822 0.531391 0.200000
0.905966 0.531491 0.200000
0.906397 0.531788 0.200000
0.906684 0.531986 0.200000
0.906828 0.532084 0.200000
0.907116 0.532282 0.200000
0.907346 0.532440 0.200000
0.907548 0.532578 0.200000
0.907836 0.532775 0.200000
0.907980 0.532874 0.200000
0.908268 0.533070 0.200000
0.908460 0.533201 0.200000
0.908701 0.533365 0.200000
0.908845 0.533463 0.200000
0.909134 0.533660 0.200000
0.909369 0.533819 0.200000
0.909567 0.533953 0.200000
0.909856 0.534149 0.200000
0.910001 0.534247 0.200000
0.910289 0.534441 0.200000
0.910502 0.534585 0.200000
0.910724 0.534735 0.200000
0.910869 0.534832 0.200000
0.911159 0.535027 0.200000
0.911421 0.535203 0.200000
0.911593 0.535319 0.200000
0.911883 0.535513 0.200000
0.912028 0.535610 0.200000
0.912319 0.535804 0.200000
0.912561 0.535966 0.200000
0.912754 0.536095 0.200000
0.913045 0.536288 0.200000
0.913190 0.536385 0.200000
0.913481 0.536578 0.200000
0.913716 0.536734 0.200000
0.913932 0.536877 0.200000
0.914208 0.537060 0.200000
0.914354 0.537156 0.200000
0.914645 0.537348 0.200000
0.914874 0.537500 0.200000
0.915086 0.537639 0.200000
0.915374 0.537828 0.200000
0.915520 0.537924 0.200000
0.915812 0.538116 0.200000
0.916034 0.538261 0.200000
0.916250 0.538402 0.200000
0.916542 0.538593 0.200000
0.916688 0.538689 0.200000
0.916980 0.538880 0.200000
0.917207 0.539027 0.200000
0.917428 0.539171 0.200000
0.917712 0.539355 0.200000
0.917858 0.539450 0.200000
0.918151 0.539640 0.200000
0.918381 0.539789 0.200000
0.918613 0.539939 0.200000
0.918884 0.540114 0.200000
0.919030 0.540209 0.200000
0.919324 0.540398 0.200000
0.919568 0.540555 0.200000
0.919796 0.540702 0.200000
0.920058 0.540870 0.200000
0.920205 0.540964 0.200000
0.920499 0.541152 0.200000
0.920793 0.541340 0.200000
0.921234 0.541622 0.200000
0.921528 0.541809 0.200000
0.921676 0.541903 0.200000
0.921970 0.542090 0.200000
0.922193 0.542232 0.200000
0.922412 0.542370 0.200000
0.922707 0.542557 0.200000
0.922855 0.542650 0.200000
0.923150 0.542837 0.200000
0.923445 0.543023 0.200000
0.923631 0.543140 0.200000
0.923888 0.543302 0.200000
0.924036 0.543395 0.200000
0.924332 0.543580 0.200000
0.924614 0.543757 0.200000
0.924853 0.543907 0.200000
0.925071 0.544043 0.200000
0.925367 0.544228 0.200000
0.925516 0.544321 0.200000
0.925812 0.544505 0.200000
0.926078 0.544670 0.200000
0.926310 0.544815 0.200000
0.926553 0.544966 0.200000
0.926850 0.545149 0.200000
0.926998 0.545241 0.200000
0.927295 0.545425 0.200000
0.927544 0.545578 0.200000
0.927781 0.545725 0.200000
0.928038 0.545882 0.200000
0.928187 0.545974 0.200000
0.928484 0.546157 0.200000
0.928780 0.546338 0.200000
0.929020 0.546485 0.200000
0.929265 0.546635 0.200000
0.929526 0.546794 0.200000
0.929675 0.546885 0.200000
0.929973 0.547067 0.200000
0.930271 0.547248 0.200000
0.930510 0.547393 0.200000
0.930757 0.547543 0.200000
0.931017 0.547701 0.200000
0.931167 0.547791 0.200000
0.931465 0.547972 0.200000
0.931764 0.548152 0.200000
0.932011 0.548301 0.200000
0.932257 0.548449 0.200000
0.932512 0.548602 0.200000
0.932811 0.548782 0.200000
0.932961 0.548872 0.200000
0.933260 0.549051 0.200000
0.933523 0.549208 0.200000
0.933770 0.549356 0.200000
0.934009 0.549498 0.200000
0.934309 0.549677 0.200000
0.934459 0.549766 0.200000
0.934759 0.549944 0.200000
0.935050 0.550117 0.200000
0.935292 0.550260 0.200000
0.935537 0.550405 0.200000
0.935811 0.550567 0.200000
0.935961 0.550655 0.200000
0.936262 0.550833 0.200000
0.936562 0.551010 0.200000
0.937076 0.551311 0.200000
0.937315 0.551451 0.200000
0.937616 0.551628 0.200000
0.937767 0.551716 0.200000
0.938068 0.551892 0.200000
0.938370 0.552068 0.200000
0.938618 0.552212 0.200000
0.938874 0.552361 0.200000
0.939124 0.552506 0.200000
0.939426 0.552681 0.200000
0.939577 0.552768 0.200000
0.939880 0.552943 0.200000
0.940182 0.553118 0.200000
0.940435 0.553263 0.200000
0.940684 0.553407 0.200000
0.940938 0.553553 0.200000
0.941241 0.553727 0.200000
0.941392 0.553814 0.200000
0.941695 0.553987 0.200000
0.941998 0.554160 0.200000
0.942257 0.554308 0.200000
0.942509 0.554452 0.200000
0.942769 0.554599 0.200000
0.943060 0.554765 0.200000
0.943211 0.554851 0.200000
0.943515 0.555023 0.200000
0.943819 0.555195 0.200000
0.944094 0.555351 0.200000
0.944352 0.555496 0.200000
0.944611 0.555642 0.200000
0.944883 0.555795 0.200000
0.945187 0.555966 0.200000
0.945339 0.556052 0.200000
0.945644 0.556222 0.200000
0.945946 0.556392 0.200000
0.946253 0.556563 0.200000
0.946467 0.556683 0.200000
0.946728 0.556828 0.200000
0.947015 0.556988 0.200000
0.947321 0.557157 0.200000
0.947473 0.557242 0.200000
0.947778 0.557411 0.200000
0.948075 0.557576 0.200000
0.948344 0.557724 0.200000
0.948596 0.557863 0.200000
0.948864 0.558011 0.200000
0.949154 0.558170 0.200000
0.949460 0.558338 0.200000
0.949613 0.558422 0.200000
0.949919 0.558590 0.200000
0.950225 0.558757 0.200000
0.950485 0.558899 0.200000
0.950755 0.559047 0.200000
0.951022 0.559192 0.200000
0.951298 0.559342 0.200000
0.951605 0.559508 0.200000
0.951758 0.559592 0.200000
0.952065 0.559758 0.200000
0.952372 0.559924 0.200000
0.952660 0.560079 0.200000
0.952925 0.560222 0.200000
0.953193 0.560366 0.200000
0.953463 0.560511 0.200000
0.954063 0.560833 0.200000
0.954217 0.560915 0.200000
0.954525 0.561080 0.200000
0.954832 0.561244 0.200000
0.955117 0.561395 0.200000
0.955389 0.561540 0.200000
0.955656 0.561682 0.200000
0.955932 0.561828 0.200000
0.956220 0.561980 0.200000
0.956528 0.562144 0.200000
0.956683 0.562225 0.200000
0.956991 0.562388 0.200000
0.957300 0.562550 0.200000
0.957609 0.562713 0.200000
0.957873 0.562851 0.200000
0.958142 0.562992 0.200000
0.958422 0.563138 0.200000
0.958692 0.563279 0.200000
0.959001 0.563441 0.200000
0.959311 0.563602 0.200000
0.959466 0.563682 0.200000
0.959775 0.563843 0.200000
0.960085 0.564004 0.200000
0.960381 0.564157 0.200000
0.960659 0.564300 0.200000
0.960933 0.564441 0.200000
0.961210 0.564584 0.200000
0.961481 0.564724 0.200000
0.961792 0.564883 0.200000
0.962102 0.565042 0.200000
0.962258 0.565122 0.200000
0.962569 0.565281 0.200000
0.962879 0.565439 0.200000
0.963190 0.565598 0.200000
0.963471 0.565741 0.200000
0.963751 0.565883 0.200000
0.964028 0.566023 0.200000
0.964314 0.566168 0.200000
0.964591 0.566308 0.200000
0.964903 0.566465 0.200000
0.965215 0.566622 0.200000
0.965371 0.566701 0.200000
0.965683 0.566858 0.200000
0.965995 0.567014 0.200000
0.966307 0.567170 0.200000
0.966619 0.567326 0.200000
0.966881 0.567457 0.200000
0.967162 0.567597 0.200000
0.967449 0.567740 0.200000
0.967713 0.567871 0.200000
0.968025 0.568026 0.200000
0.968338 0.568181 0.200000
0.968651 0.568335 0.200000
0.968807 0.568413 0.200000
0.969121 0.568567 0.200000
0.969434 0.568721 0.200000
0.969747 0.568875 0.200000
0.970044 0.569020 0.200000
0.970331 0.569161 0.200000
0.970619 0.569301 0.200000
0.970907 0.569442 0.200000
0.971192 0.569581 0.200000
0.971472 0.569717 0.200000
0.972100 0.570022 0.200000
0.972414 0.570174 0.200000
0.972572 0.570250 0.200000
0.972886 0.570401 0.200000
0.973200 0.570553 0.200000
0.973515 0.570704 0.200000
0.973830 0.570855 0.200000
0.974116 0.570992 0.200000
0.974407 0.571131 0.200000
0.974696 0.571270 0.200000
0.974989 0.571409 0.200000
0.975247 0.571532 0.200000
0.975562 0.571682 0.200000
0.975878 0.571831 0.200000
0.976193 0.571981 0.200000
0.976509 0.572130 0.200000
0.976667 0.572204 0.200000
0.976982 0.572353 0.200000
0.977298 0.572502 0.200000
0.977614 0.572650 0.200000
0.977930 0.572798 0.200000
0.978246 0.572946 0.200000
0.978535 0.573081 0.200000
0.978832 0.573219 0.200000
0.979128 0.573358 0.200000
0.979422 0.573494 0.200000
0.979719 0.573632 0.200000
0.980013 0.573768 0.200000
0.980304 0.573902 0.200000
0.980621 0.574049 0.200000
0.980938 0.574195 0.200000
0.981255 0.574341 0.200000
0.981572 0.574486 0.200000
0.981731 0.574559 0.200000
0.982048 0.574704 0.200000
0.982365 0.574849 0.200000
0.982683 0.574994 0.200000
0.983001 0.575139 0.200000
0.983318 0.575283 0.200000
0.983624 0.575422 0.200000
0.983922 0.575557 0.200000
0.984220 0.575691 0.200000
0.984527 0.575830 0.200000
0.984821 0.575962 0.200000
0.985128 0.576100 0.200000
0.985427 0.576235 0.200000
0.985705 0.576359 0.200000
0.986024 0.576501 0.200000
0.986342 0.576644 0.200000
0.986661 0.576786 0.200000
0.986980 0.576928 0.200000
0.987299 0.577069 0.200000
0.987618 0.577211 0.200000
0.987778 0.577281 0.200000
0.988097 0.577422 0.200000
0.988417 0.577563 0.200000
0.988736 0.577704 0.200000
0.989056 0.577844 0.200000
0.989375 0.577984 0.200000
0.989695 0.578124 0.200000
0.990012 0.578263 0.200000
0.990320 0.578397 0.200000
0.990625 0.578530 0.200000
0.991238 0.578796 0.200000
0.991547 0.578930 0.200000
0.991854 0.579062 0.200000
0.992162 0.579195 0.200000
0.992470 0.579327 0.200000
0.992779 0.579461 0.200000
0.993087 0.579592 0.200000
0.993379 0.579718 0.200000
0.993704 0.579856 0.200000
0.994021 0.579992 0.200000
0.994342 0.580128 0.200000
0.994664 0.580265 0.200000
0.994985 0.580401 0.200000
0.995306 0.580537 0.200000
0.995628 0.580673 0.200000
0.995950 0.580808 0.200000
0.996111 0.580876 0.200000
0.996432 0.581011 0.200000
0.996754 0.581146 0.200000
0.997076 0.581281 0.200000
0.997398 0.581416 0.200000
0.997720 0.581550 0.200000
0.998043 0.581684 0.200000
0.998365 0.581818 0.200000
0.998687 0.581952 0.200000
0.999010 0.582085 0.200000
0.999333 0.582218 0.200000
0.999655 0.582351 0.200000
0.999978 0.582484 0.200000
1.000301 0.582617 0.200000
1.000624 0.582749 0.200000
1.000947 0.582881 0.200000
1.001238 0.583000 0.200000
1.001557 0.583130 0.200000
1.001874 0.583259 0.200000
1.002191 0.583387 0.200000
1.002506 0.583515 0.200000
1.002825 0.583644 0.200000
1.003142 0.583772 0.200000
1.003459 0.583899 0.200000
1.003779 0.584028 0.200000
1.004099 0.584156 0.200000
1.004414 0.584282 0.200000
1.004737 0.584411 0.200000
1.005053 0.584537 0.200000
1.005374 0.584665 0.200000
1.005697 0.584793 0.200000
1.006012 0.584918 0.200000
1.006337 0.585046 0.200000
1.006655 0.585172 0.200000
1.006977 0.585298 0.200000
1.007298 0.585424 0.200000
1.007621 0.585551 0.200000
1.007942 0.585677 0.200000
1.008266 0.585803 0.200000
1.008587 0.585929 0.200000
1.008909 0.586053 0.200000
1.009234 0.586180 0.200000
1.009542 0.586299 0.200000
1.009879 0.586429 0.200000
1.010193 0.586551 0.200000
1.010519 0.586676 0.200000
1.010853 0.586804 0.200000
1.011501 0.587052 0.200000
1.011823 0.587175 0.200000
1.012149 0.587300 0.200000
1.012477 0.587425 0.200000
1.012802 0.587547 0.200000
1.013131 0.587672 0.200000
1.013456 0.587795 0.200000
1.013781 0.587918 0.200000
1.014108 0.588040 0.200000
1.014435 0.588163 0.200000
1.014761 0.588286 0.200000
1.015088 0.588408 0.200000
1.015424 0.588533 0.200000
1.015751 0.588655 0.200000
1.016070 0.588773 0.200000
1.016397 0.588894 0.200000
1.016739 0.589021 0.200000
1.017052 0.589136 0.200000
1.017379 0.589257 0.200000
1.017707 0.589377 0.200000
1.018060 0.589507 0.200000
1.018387 0.589626 0.200000
1.018720 0.589748 0.200000
1.019050 0.589868 0.200000
1.019380 0.589988 0.200000
1.019714 0.590109 0.200000
1.020045 0.590229 0.200000
1.020377 0.590349 0.200000
1.020710 0.590469 0.200000
1.021043 0.590588 0.200000
1.021375 0.590707 0.200000
1.021710 0.590827 0.200000
1.022040 0.590945 0.200000
1.022378 0.591066 0.200000
1.022709 0.591183 0.200000
1.023045 0.591302 0.200000
1.023378 0.591420 0.200000
1.023713 0.591538 0.200000
1.024050 0.591657 0.200000
1.024384 0.591775 0.200000
1.024719 0.591892 0.200000
1.025054 0.592009 0.200000
1.025392 0.592127 0.200000
1.025727 0.592244 0.200000
1.026063 0.592361 0.200000
1.026402 0.592478 0.200000
1.026749 0.592598 0.200000
1.027075 0.592711 0.200000
1.027409 0.592826 0.200000
1.027739 0.592939 0.200000
1.028069 0.593052 0.200000
1.028400 0.593165 0.200000
1.028730 0.593278 0.200000
1.029060 0.593390 0.200000
1.029391 0.593503 0.200000
1.029721 0.593615 0.200000
1.030052 0.593726 0.200000
1.030383 0.593838 0.200000
1.030714 0.593949 0.200000
1.031045 0.594060 0.200000
1.031541 0.594226 0.200000
1.031872 0.594337 0.200000
1.032203 0.594447 0.200000
1.032866 0.594667 0.200000
1.033197 0.594777 0.200000
1.033529 0.594886 0.200000
1.033860 0.594995 0.200000
1.034192 0.595104 0.200000
1.034544 0.595219 0.200000
1.034887 0.595331 0.200000
1.035230 0.595443 0.200000
1.035575 0.595555 0.200000
1.035918 0.595667 0.200000
1.036262 0.595778 0.200000
1.036606 0.595889 0.200000
1.036950 0.596000 0.200000
1.037297 0.596111 0.200000
1.037642 0.596221 0.200000
1.037987 0.596332 0.200000
1.038332 0.596442 0.200000
1.038676 0.596551 0.200000
1.039009 0.596657 0.200000
1.039342 0.596762 0.200000
1.039675 0.596867 0.200000
1.040008 0.596972 0.200000
1.040341 0.597077 0.200000
1.040674 0.597181 0.200000
1.041007 0.597285 0.200000
1.041507 0.597441 0.200000
1.041840 0.597544 0.200000
1.042173 0.597648 0.200000
1.042507 0.597751 0.200000
1.042840 0.597854 0.200000
1.043174 0.597956 0.200000
1.043529 0.598065 0.200000
1.043880 0.598173 0.200000
1.044228 0.598279 0.200000
1.044579 0.598386 0.200000
1.044931 0.598492 0.200000
1.045279 0.598598 0.200000
1.045630 0.598704 0.200000
1.045982 0.598810 0.200000
1.046347 0.598919 0.200000
1.046681 0.599020 0.200000
1.047016 0.599120 0.200000
1.047350 0.599219 0.200000
1.047685 0.599319 0.200000
1.048020 0.599418 0.200000
1.048354 0.599517 0.200000
1.048856 0.599665 0.200000
1.049191 0.599763 0.200000
1.049526 0.599862 0.200000
1.049861 0.599959 0.200000
1.050197 0.600057 0.200000
1.050550 0.600160 0.200000
1.050904 0.600263 0.200000
1.051258 0.600365 0.200000
1.051613 0.600467 0.200000
1.051969 0.600570 0.200000
1.052322 0.600671 0.200000
1.052679 0.600773 0.200000
1.053047 0.600878 0.200000
1.053383 0.600974 0.200000
1.053719 0.601069 0.200000
1.054055 0.601164 0.200000
1.054391 0.601259 0.200000
1.055231 0.601495 0.200000
1.055567 0.601589 0.200000
1.055903 0.601682 0.200000
1.056239 0.601776 0.200000
1.056589 0.601873 0.200000
1.056946 0.601972 0.200000
1.057305 0.602071 0.200000
1.057662 0.602169 0.200000
1.058022 0.602267 0.200000
1.058381 0.602365 0.200000
1.058739 0.602463 0.200000
1.059101 0.602561 0.200000
1.059438 0.602652 0.200000
1.059774 0.602744 0.200000
1.060112 0.602834 0.200000
1.060449 0.602925 0.200000
1.060954 0.603060 0.200000
1.061292 0.603150 0.200000
1.061629 0.603240 0.200000
1.061969 0.603330 0.200000
1.062330 0.603426 0.200000
1.062693 0.603521 0.200000
1.063053 0.603616 0.200000
1.063416 0.603711 0.200000
1.063777 0.603805 0.200000
1.064140 0.603900 0.200000
1.064499 0.603993 0.200000
1.064837 0.604081 0.200000
1.065174 0.604168 0.200000
1.065512 0.604255 0.200000
1.066020 0.604385 0.200000
1.066358 0.604471 0.200000
1.066696 0.604558 0.200000
1.067034 0.604644 0.200000
1.067398 0.604736 0.200000
1.067764 0.604828 0.200000
1.068127 0.604919 0.200000
1.068493 0.605011 0.200000
1.068858 0.605103 0.200000
1.069223 0.605194 0.200000
1.069573 0.605281 0.200000
1.069912 0.605365 0.200000
1.070251 0.605448 0.200000
1.070759 0.605574 0.200000
1.071098 0.605657 0.200000
1.071437 0.605740 0.200000
1.071777 0.605822 0.200000
1.072141 0.605911 0.200000
1.072509 0.606000 0.200000
1.072875 0.606088 0.200000
1.073244 0.606177 0.200000
1.073610 0.606265 0.200000
1.073982 0.606354 0.200000
1.074322 0.606435 0.200000
1.074661 0.606515 0.200000
1.075001 0.606596 0.200000
1.075511 0.606716 0.200000
1.075850 0.606795 0.200000
1.076190 0.606875 0.200000
1.076550 0.606959 0.200000
1.076919 0.607045 0.200000
1.077289 0.607130 0.200000
1.077658 0.607216 0.200000
1.078398 0.607386 0.200000
1.078741 0.607464 0.200000
1.079081 0.607542 0.200000
1.079422 0.607619 0.200000
1.079932 0.607735 0.200000
1.080273 0.607811 0.200000
1.080614 0.607888 0.200000
1.080987 0.607971 0.200000
1.081357 0.608054 0.200000
1.081729 0.608137 0.200000
1.082102 0.608219 0.200000
1.082473 0.608301 0.200000
1.082828 0.608379 0.200000
1.083169 0.608454 0.200000
1.083510 0.608528 0.200000
1.084022 0.608640 0.200000
1.084363 0.608713 0.200000
1.084704 0.608787 0.200000
1.085076 0.608867 0.200000
1.085451 0.608947 0.200000
1.085823 0.609027 0.200000
1.086198 0.609107 0.200000
1.086572 0.609186 0.200000
1.086923 0.609260 0.200000
1.087265 0.609332 0.200000
1.087607 0.609403 0.200000
1.088119 0.609510 0.200000
1.088461 0.609581 0.200000
1.088803 0.609652 0.200000
1.089189 0.609732 0.200000
1.089564 0.609809 0.200000
1.089941 0.609886 0.200000
1.090316 0.609962 0.200000
1.090683 0.610037 0.200000
1.091025 0.610106 0.200000
1.091368 0.610175 0.200000
1.091881 0.610278 0.200000
1.092223 0.610346 0.200000
1.092570 0.610415 0.200000
1.092946 0.610490 0.200000
1.093323 0.610565 0.200000
1.093702 0.610639 0.200000
1.094079 0.610713 0.200000
1.094449 0.610785 0.200000
1.094792 0.610852 0.200000
1.095134 0.610918 0.200000
1.095649 0.611017 0.200000
1.095991 0.611083 0.200000
1.096342 0.611150 0.200000
1.096721 0.611222 0.200000
1.097100 0.611294 0.200000
1.097478 0.611365 0.200000
1.097858 0.611437 0.200000
1.098221 0.611504 0.200000
1.098564 0.611568 0.200000
1.098907 0.611632 0.200000
1.099422 0.611727 0.200000
1.099765 0.611790 0.200000
1.100132 0.611857 0.200000
1.100512 0.611927 0.200000
1.100893 0.611996 0.200000
1.101273 0.612065 0.200000
1.101654 0.612133 0.200000
1.102341 0.612256 0.200000
1.102857 0.612347 0.200000
1.103200 0.612408 0.200000
1.103556 0.612471 0.200000
1.103938 0.612538 0.200000
1.104320 0.612604 0.200000
1.104702 0.612670 0.200000
1.105084 0.612737 0.200000
1.105436 0.612797 0.200000
1.105780 0.612856 0.200000
1.106296 0.612944 0.200000
1.106640 0.613002 0.200000
1.106992 0.613062 0.200000
1.107376 0.613126 0.200000
1.107759 0.613190 0.200000
1.108143 0.613254 0.200000
1.108534 0.613319 0.200000
1.108878 0.613375 0.200000
1.109222 0.613432 0.200000
1.109739 0.613516 0.200000
1.110084 0.613572 0.200000
1.110442 0.613630 0.200000
1.110826 0.613692 0.200000
1.111211 0.613753 0.200000
1.111596 0.613814 0.200000
1.111979 0.613875 0.200000
1.112324 0.613930 0.200000
1.112669 0.613984 0.200000
1.113186 0.614064 0.200000
1.113531 0.614118 0.200000
1.113903 0.614175 0.200000
1.114288 0.614234 0.200000
1.114674 0.614293 0.200000
1.115060 0.614352 0.200000
1.115429 0.614408 0.200000
1.115774 0.614460 0.200000
1.116292 0.614537 0.200000
1.116637 0.614589 0.200000
1.116982 0.614640 0.200000
1.117375 0.614697 0.200000
1.117761 0.614754 0.200000
1.118149 0.614810 0.200000
1.118536 0.614866 0.200000
1.118882 0.614916 0.200000
1.119228 0.614966 0.200000
1.119746 0.615040 0.200000
1.120091 0.615089 0.200000
1.120470 0.615142 0.200000
1.120858 0.615196 0.200000
1.121246 0.615250 0.200000
1.121634 0.615304 0.200000
1.121993 0.615353 0.200000
1.122339 0.615401 0.200000
1.122857 0.615471 0.200000
1.123203 0.615518 0.200000
1.123573 0.615568 0.200000
1.123962 0.615620 0.200000
1.124351 0.615672 0.200000
1.124740 0.615723 0.200000
1.125106 0.615771 0.200000
1.125453 0.615816 0.200000
1.125972 0.615883 0.200000
1.126318 0.615928 0.200000
1.127074 0.616024 0.200000
1.127464 0.616074 0.200000
1.127854 0.616123 0.200000
1.128222 0.616169 0.200000
1.128569 0.616212 0.200000
1.129089 0.616276 0.200000
1.129435 0.616318 0.200000
1.129803 0.616363 0.200000
1.130194 0.616410 0.200000
1.130584 0.616457 0.200000
1.130975 0.616504 0.200000
1.131341 0.616547 0.200000
1.131688 0.616588 0.200000
1.132208 0.616649 0.200000
1.132554 0.616689 0.200000
1.132929 0.616732 0.200000
1.133320 0.616777 0.200000
1.133712 0.616822 0.200000
1.134104 0.616866 0.200000
1.134462 0.616906 0.200000
1.134809 0.616945 0.200000
1.135329 0.617002 0.200000
1.135676 0.617040 0.200000
1.136062 0.617082 0.200000
1.136454 0.617125 0.200000
1.136846 0.617167 0.200000
1.137238 0.617208 0.200000
1.137585 0.617245 0.200000
1.138106 0.617300 0.200000
1.138453 0.617336 0.200000
1.138808 0.617372 0.200000
1.139201 0.617413 0.200000
1.139594 0.617453 0.200000
1.139987 0.617492 0.200000
1.140363 0.617530 0.200000
1.140710 0.617565 0.200000
1.141231 0.617616 0.200000
1.141578 0.617650 0.200000
1.141952 0.617686 0.200000
1.142346 0.617724 0.200000
1.142740 0.617761 0.200000
1.143134 0.617799 0.200000
1.143490 0.617832 0.200000
1.143837 0.617864 0.200000
1.144358 0.617912 0.200000
1.144708 0.617944 0.200000
1.145103 0.617980 0.200000
1.145497 0.618016 0.200000
1.145891 0.618051 0.200000
1.146271 0.618084 0.200000
1.146618 0.618114 0.200000
1.147140 0.618160 0.200000
1.147488 0.618189 0.200000
1.147863 0.618221 0.200000
1.148258 0.618255 0.200000
1.148653 0.618287 0.200000
1.149048 0.618320 0.200000
1.149401 0.618349 0.200000
1.149923 0.618391 0.200000
1.150270 0.618419 0.200000
1.150628 0.618447 0.200000
1.151024 0.618478 0.200000
1.151419 0.618509 0.200000
1.152184 0.618568 0.200000
1.152533 0.618594 0.200000
1.153055 0.618633 0.200000
1.153403 0.618659 0.200000
1.153792 0.618687 0.200000
1.154188 0.618716 0.200000
1.154584 0.618744 0.200000
1.154969 0.618771 0.200000
1.155318 0.618796 0.200000
1.155840 0.618832 0.200000
1.156188 0.618855 0.200000
1.156564 0.618881 0.200000
1.156961 0.618907 0.200000
1.157357 0.618933 0.200000
1.157754 0.618959 0.200000
1.158104 0.618982 0.200000
1.158626 0.619015 0.200000
1.158975 0.619036 0.200000
1.159340 0.619059 0.200000
1.159737 0.619083 0.200000
1.160133 0.619107 0.200000
1.160530 0.619131 0.200000
1.160891 0.619152 0.200000
1.161239 0.619172 0.200000
1.161762 0.619202 0.200000
1.162118 0.619222 0.200000
1.162515 0.619244 0.200000
1.162912 0.619266 0.200000
1.163310 0.619287 0.200000
1.163679 0.619307 0.200000
1.164028 0.619325 0.200000
1.164550 0.619352 0.200000
1.164899 0.619370 0.200000
1.165296 0.619389 0.200000
1.165694 0.619409 0.200000
1.166091 0.619428 0.200000
1.166468 0.619446 0.200000
1.166816 0.619462 0.200000
1.167340 0.619486 0.200000
1.167688 0.619502 0.200000
1.168080 0.619519 0.200000
1.168478 0.619537 0.200000
1.168875 0.619554 0.200000
1.169258 0.619570 0.200000
1.169606 0.619584 0.200000
1.170129 0.619605 0.200000
1.170478 0.619619 0.200000
1.170865 0.619634 0.200000
1.171263 0.619649 0.200000
1.171661 0.619664 0.200000
1.172048 0.619678 0.200000
1.172397 0.619690 0.200000
1.172920 0.619708 0.200000
1.173269 0.619720 0.200000
1.173652 0.619733 0.200000
1.174051 0.619745 0.200000
1.174449 0.619758 0.200000
1.174839 0.619770 0.200000
1.175187 0.619781 0.200000
1.175711 0.619796 0.200000
1.176060 0.619806 0.200000
1.176441 0.619816 0.200000
1.176840 0.619827 0.200000
1.177630 0.619847 0.200000
1.177979 0.619855 0.200000
1.178502 0.619868 0.200000
1.178851 0.619876 0.200000
1.179231 0.619884 0.200000
1.179630 0.619892 0.200000
1.180029 0.619901 0.200000
1.180422 0.619908 0.200000
1.180771 0.619915 0.200000
1.181294 0.619924 0.200000
1.181643 0.619930 0.200000
1.182022 0.619936 0.200000
1.182421 0.619943 0.200000
1.182820 0.619948 0.200000
1.183213 0.619954 0.200000
1.183563 0.619959 0.200000
1.184086 0.619965 0.200000
1.184435 0.619969 0.200000
1.184814 0.619973 0.200000
1.185213 0.619977 0.200000
1.185612 0.619981 0.200000
1.186006 0.619984 0.200000
1.186355 0.619987 0.200000
1.186878 0.619990 0.200000
1.187227 0.619992 0.200000
1.187606 0.619994 0.200000
1.188005 0.619996 0.200000
1.188404 0.619997 0.200000
1.188798 0.619999 0.200000
1.189147 0.619999 0.200000
1.189496 0.620000 0.200000
1.190000 0.620000 0.200000
1.190349 0.620000 0.200000
1.190873 0.619999 0.200000
1.191222 0.619998 0.200000
1.191596 0.619997 0.200000
1.191995 0.619996 0.200000
1.192394 0.619994 0.200000
1.192793 0.619992 0.200000
1.193142 0.619990 0.200000
1.193665 0.619987 0.200000
1.194014 0.619984 0.200000
1.194388 0.619981 0.200000
1.194787 0.619977 0.200000
1.195186 0.619973 0.200000
1.195585 0.619969 0.200000
1.195934 0.619965 0.200000
1.196458 0.619958 0.200000
1.196807 0.619954 0.200000
1.197180 0.619948 0.200000
1.197579 0.619943 0.200000
1.197978 0.619936 0.200000
1.198377 0.619930 0.200000
1.198726 0.619924 0.200000
1.199250 0.619914 0.200000
1.199599 0.619908 0.200000
1.199971 0.619901 0.200000
1.200370 0.619892 0.200000
1.200769 0.619884 0.200000
1.201167 0.619875 0.200000
1.201518 0.619867 0.200000
1.202042 0.619855 0.200000
1.202391 0.619846 0.200000
1.203160 0.619827 0.200000
1.203559 0.619816 0.200000
1.203957 0.619805 0.200000
1.204310 0.619795 0.200000
1.204833 0.619780 0.200000
1.205182 0.619769 0.200000
1.205551 0.619758 0.200000
1.205949 0.619745 0.200000
1.206348 0.619733 0.200000
1.206746 0.619720 0.200000
1.207101 0.619707 0.200000
1.207624 0.619689 0.200000
1.207973 0.619677 0.200000
1.208339 0.619664 0.200000
1.208737 0.619649 0.200000
1.209135 0.619634 0.200000
1.209533 0.619618 0.200000
1.209892 0.619604 0.200000
1.210415 0.619583 0.200000
1.210763 0.619569 0.200000
1.211125 0.619554 0.200000
1.211523 0.619537 0.200000
1.211920 0.619519 0.200000
1.212318 0.619502 0.200000
1.212682 0.619485 0.200000
1.213030 0.619469 0.200000
1.213553 0.619445 0.200000
1.213909 0.619428 0.200000
1.214306 0.619409 0.200000
1.214704 0.619389 0.200000
1.215102 0.619370 0.200000
1.215471 0.619351 0.200000
1.215819 0.619333 0.200000
1.216342 0.619306 0.200000
1.216691 0.619287 0.200000
1.217088 0.619266 0.200000
1.217485 0.619244 0.200000
1.217882 0.619222 0.200000
1.218259 0.619201 0.200000
1.218608 0.619181 0.200000
1.219131 0.619151 0.200000
1.219479 0.619130 0.200000
1.219867 0.619107 0.200000
1.220264 0.619083 0.200000
1.220661 0.619059 0.200000
1.221047 0.619035 0.200000
1.221395 0.619013 0.200000
1.221918 0.618980 0.200000
1.222266 0.618958 0.200000
1.222643 0.618933 0.200000
1.223040 0.618907 0.200000
1.223436 0.618881 0.200000
1.223832 0.618854 0.200000
1.224182 0.618830 0.200000
1.224704 0.618794 0.200000
1.225052 0.618770 0.200000
1.225416 0.618744 0.200000
1.225812 0.618716 0.200000
1.226208 0.618687 0.200000
1.226604 0.618658 0.200000
1.226967 0.618632 0.200000
1.227315 0.618606 0.200000
1.227837 0.618566 0.200000
1.228582 0.618509 0.200000
1.228977 0.618478 0.200000
1.229373 0.618447 0.200000
1.229752 0.618417 0.200000
1.230100 0.618389 0.200000
1.230621 0.618347 0.200000
1.230969 0.618319 0.200000
1.231347 0.618287 0.200000
1.231742 0.618255 0.200000
1.232137 0.618221 0.200000
1.232532 0.618188 0.200000
1.232882 0.618158 0.200000
1.233404 0.618113 0.200000
1.233752 0.618082 0.200000
1.234109 0.618051 0.200000
1.234504 0.618015 0.200000
1.234898 0.617980 0.200000
1.235293 0.617944 0.200000
1.235664 0.617910 0.200000
1.236012 0.617878 0.200000
1.236533 0.617830 0.200000
1.236881 0.617797 0.200000
1.237261 0.617761 0.200000
1.237655 0.617724 0.200000
1.238049 0.617686 0.200000
1.238442 0.617648 0.200000
1.238792 0.617614 0.200000
1.239313 0.617562 0.200000
1.239660 0.617528 0.200000
1.240007 0.617493 0.200000
1.240407 0.617453 0.200000
1.240800 0.617413 0.200000
1.241193 0.617372 0.200000
1.241570 0.617333 0.200000
1.241917 0.617297 0.200000
1.242438 0.617243 0.200000
1.242785 0.617206 0.200000
1.243155 0.617167 0.200000
1.243547 0.617124 0.200000
1.243939 0.617082 0.200000
1.244332 0.617039 0.200000
1.244694 0.617000 0.200000
1.245041 0.616961 0.200000
1.245561 0.616903 0.200000
1.245908 0.616864 0.200000
1.246289 0.616821 0.200000
1.246681 0.616777 0.200000
1.247072 0.616732 0.200000
1.247469 0.616686 0.200000
1.247815 0.616646 0.200000
1.248162 0.616606 0.200000
1.248682 0.616544 0.200000
1.249029 0.616503 0.200000
1.249417 0.616457 0.200000
1.249808 0.616410 0.200000
1.250198 0.616363 0.200000
1.250588 0.616315 0.200000
1.250935 0.616273 0.200000
1.251281 0.616230 0.200000
1.251801 0.616166 0.200000
1.252147 0.616123 0.200000
1.252537 0.616074 0.200000
1.252927 0.616024 0.200000
1.253706 0.615925 0.200000
1.254052 0.615880 0.200000
1.254398 0.615836 0.200000
1.254917 0.615768 0.200000
1.255263 0.615722 0.200000
1.255651 0.615671 0.200000
1.256040 0.615620 0.200000
1.256428 0.615568 0.200000
1.256817 0.615515 0.200000
1.257166 0.615468 0.200000
1.257512 0.615421 0.200000
1.258031 0.615350 0.200000
1.258377 0.615303 0.200000
1.258756 0.615250 0.200000
1.259144 0.615196 0.200000
1.259532 0.615142 0.200000
1.259920 0.615087 0.200000
1.260278 0.615036 0.200000
1.260624 0.614987 0.200000
1.261142 0.614913 0.200000
1.261487 0.614863 0.200000
1.261853 0.614810 0.200000
1.262240 0.614754 0.200000
1.262627 0.614697 0.200000
1.263014 0.614640 0.200000
1.263387 0.614585 0.200000
1.263732 0.614534 0.200000
1.264250 0.614456 0.200000
1.264595 0.614404 0.200000
1.264941 0.614352 0.200000
1.265328 0.614293 0.200000
1.265713 0.614234 0.200000
1.266099 0.614175 0.200000
1.266485 0.614115 0.200000
1.266838 0.614061 0.200000
1.267183 0.614007 0.200000
1.267700 0.613926 0.200000
1.268045 0.613871 0.200000
1.268406 0.613814 0.200000
1.268791 0.613753 0.200000
1.269176 0.613691 0.200000
1.269560 0.613630 0.200000
1.269941 0.613568 0.200000
1.270285 0.613512 0.200000
1.270630 0.613456 0.200000
1.271147 0.613371 0.200000
1.271491 0.613315 0.200000
1.271860 0.613253 0.200000
1.272243 0.613190 0.200000
1.272626 0.613126 0.200000
1.273010 0.613061 0.200000
1.273385 0.612998 0.200000
1.273729 0.612940 0.200000
1.274073 0.612881 0.200000
1.274589 0.612793 0.200000
1.274933 0.612734 0.200000
1.275300 0.612670 0.200000
1.275683 0.612604 0.200000
1.276064 0.612537 0.200000
1.276446 0.612470 0.200000
1.276824 0.612404 0.200000
1.277168 0.612343 0.200000
1.277512 0.612282 0.200000
1.278371 0.612129 0.200000
1.278729 0.612064 0.200000
1.279110 0.611995 0.200000
1.279490 0.611926 0.200000
1.279871 0.611857 0.200000
1.280251 0.611787 0.200000
1.280603 0.611723 0.200000
1.280946 0.611659 0.200000
1.281461 0.611564 0.200000
1.281804 0.611500 0.200000
1.282148 0.611435 0.200000
1.282523 0.611365 0.200000
1.282902 0.611293 0.200000
1.283282 0.611221 0.200000
1.283660 0.611149 0.200000
1.284034 0.611078 0.200000
1.284377 0.611012 0.200000
1.284719 0.610946 0.200000
1.285233 0.610847 0.200000
1.285576 0.610780 0.200000
1.285924 0.610712 0.200000
1.286302 0.610638 0.200000
1.286679 0.610564 0.200000
1.287057 0.610490 0.200000
1.287434 0.610415 0.200000
1.287802 0.610341 0.200000
1.288144 0.610273 0.200000
1.288487 0.610204 0.200000
1.289000 0.610101 0.200000
1.289342 0.610032 0.200000
1.289687 0.609962 0.200000
1.290063 0.609885 0.200000
1.290438 0.609808 0.200000
1.290814 0.609731 0.200000
1.291190 0.609654 0.200000
1.291564 0.609576 0.200000
1.291907 0.609505 0.200000
1.292248 0.609434 0.200000
1.292761 0.609326 0.200000
1.293102 0.609254 0.200000
1.293444 0.609182 0.200000
1.293806 0.609106 0.200000
1.294180 0.609026 0.200000
1.294553 0.608947 0.200000
1.294927 0.608866 0.200000
1.295321 0.608782 0.200000
1.295663 0.608708 0.200000
1.296004 0.608634 0.200000
1.296345 0.608560 0.200000
1.296857 0.608448 0.200000
1.297197 0.608374 0.200000
1.297538 0.608299 0.200000
1.297902 0.608218 0.200000
1.298273 0.608136 0.200000
1.298646 0.608053 0.200000
1.299018 0.607970 0.200000
1.299389 0.607887 0.200000
1.299753 0.607806 0.200000
1.300094 0.607729 0.200000
1.300434 0.607652 0.200000
1.300945 0.607536 0.200000
1.301285 0.607458 0.200000
1.301625 0.607381 0.200000
1.302345 0.607215 0.200000
1.302715 0.607130 0.200000
1.303085 0.607044 0.200000
1.303455 0.606958 0.200000
1.303823 0.606872 0.200000
1.304176 0.606789 0.200000
1.304516 0.606710 0.200000
1.304855 0.606629 0.200000
1.305365 0.606509 0.200000
1.305704 0.606428 0.200000
1.306044 0.606347 0.200000
1.306394 0.606264 0.200000
1.306761 0.606176 0.200000
1.307127 0.606088 0.200000
1.307496 0.605999 0.200000
1.307863 0.605910 0.200000
1.308230 0.605821 0.200000
1.308589 0.605733 0.200000
1.308928 0.605650 0.200000
1.309267 0.605567 0.200000
1.309606 0.605484 0.200000
1.310114 0.605358 0.200000
1.310453 0.605274 0.200000
1.310792 0.605190 0.200000
1.311148 0.605101 0.200000
1.311511 0.605010 0.200000
1.311877 0.604918 0.200000
1.312242 0.604827 0.200000
1.312605 0.604735 0.200000
1.312970 0.604643 0.200000
1.313331 0.604551 0.200000
1.313669 0.604465 0.200000
1.314007 0.604378 0.200000
1.314345 0.604291 0.200000
1.314852 0.604161 0.200000
1.315190 0.604074 0.200000
1.315528 0.603986 0.200000
1.315866 0.603898 0.200000
1.316228 0.603804 0.200000
1.316590 0.603710 0.200000
1.316952 0.603615 0.200000
1.317313 0.603520 0.200000
1.317675 0.603424 0.200000
1.318036 0.603329 0.200000
1.318398 0.603233 0.200000
1.318735 0.603143 0.200000
1.319073 0.603053 0.200000
1.319410 0.602963 0.200000
1.319747 0.602872 0.200000
1.320253 0.602736 0.200000
1.320590 0.602645 0.200000
1.320926 0.602554 0.200000
1.321267 0.602461 0.200000
1.321624 0.602364 0.200000
1.321983 0.602266 0.200000
1.322343 0.602167 0.200000
1.322700 0.602069 0.200000
1.323059 0.601970 0.200000
1.323417 0.601871 0.200000
1.323775 0.601772 0.200000
1.324124 0.601675 0.200000
1.324460 0.601581 0.200000
1.324796 0.601487 0.200000
1.325468 0.601299 0.200000
1.325972 0.601156 0.200000
1.326308 0.601061 0.200000
1.326644 0.600966 0.200000
1.326980 0.600871 0.200000
1.327327 0.600772 0.200000
1.327682 0.600670 0.200000
1.328038 0.600568 0.200000
1.328393 0.600466 0.200000
1.328747 0.600364 0.200000
1.329102 0.600261 0.200000
1.329455 0.600159 0.200000
1.329831 0.600049 0.200000
1.330166 0.599952 0.200000
1.330501 0.599854 0.200000
1.330836 0.599755 0.200000
1.331171 0.599657 0.200000
1.331506 0.599558 0.200000
1.331840 0.599459 0.200000
1.332342 0.599311 0.200000
1.332677 0.599211 0.200000
1.333012 0.599111 0.200000
1.333346 0.599011 0.200000
1.333680 0.598911 0.200000
1.334015 0.598811 0.200000
1.334375 0.598702 0.200000
1.334727 0.598596 0.200000
1.335077 0.598490 0.200000
1.335427 0.598384 0.200000
1.335778 0.598277 0.200000
1.336126 0.598171 0.200000
1.336477 0.598063 0.200000
1.336826 0.597956 0.200000
1.337175 0.597849 0.200000
1.337520 0.597742 0.200000
1.337854 0.597639 0.200000
1.338187 0.597536 0.200000
1.338521 0.597432 0.200000
1.338854 0.597329 0.200000
1.339187 0.597224 0.200000
1.339520 0.597120 0.200000
1.340020 0.596963 0.200000
1.340353 0.596859 0.200000
1.340686 0.596753 0.200000
1.341018 0.596648 0.200000
1.341351 0.596543 0.200000
1.341684 0.596437 0.200000
1.342020 0.596330 0.200000
1.342365 0.596219 0.200000
1.342712 0.596108 0.200000
1.343055 0.595998 0.200000
1.343401 0.595887 0.200000
1.343745 0.595776 0.200000
1.344089 0.595665 0.200000
1.344434 0.595552 0.200000
1.344777 0.595441 0.200000
1.345120 0.595329 0.200000
1.345463 0.595217 0.200000
1.345836 0.595095 0.200000
1.346150 0.594992 0.200000
1.346499 0.594877 0.200000
1.346830 0.594768 0.200000
1.347162 0.594658 0.200000
1.347824 0.594438 0.200000
1.348155 0.594328 0.200000
1.348487 0.594217 0.200000
1.348818 0.594107 0.200000
1.349149 0.593996 0.200000
1.349479 0.593884 0.200000
1.349810 0.593773 0.200000
1.350141 0.593661 0.200000
1.350637 0.593493 0.200000
1.350967 0.593381 0.200000
1.351298 0.593268 0.200000
1.351628 0.593156 0.200000
1.351958 0.593043 0.200000
1.352289 0.592930 0.200000
1.352619 0.592816 0.200000
1.352949 0.592703 0.200000
1.353279 0.592589 0.200000
1.353609 0.592475 0.200000
1.353944 0.592358 0.200000
1.354281 0.592241 0.200000
1.354616 0.592124 0.200000
1.354954 0.592007 0.200000
1.355289 0.591889 0.200000
1.355624 0.591772 0.200000
1.355959 0.591654 0.200000
1.356295 0.591536 0.200000
1.356630 0.591418 0.200000
1.356963 0.591300 0.200000
1.357300 0.591180 0.200000
1.357633 0.591062 0.200000
1.357966 0.590943 0.200000
1.358299 0.590824 0.200000
1.358634 0.590704 0.200000
1.358966 0.590585 0.200000
1.359300 0.590465 0.200000
1.359630 0.590346 0.200000
1.359963 0.590226 0.200000
1.360297 0.590105 0.200000
1.360625 0.589986 0.200000
1.360959 0.589865 0.200000
1.361292 0.589744 0.200000
1.361619 0.589624 0.200000
1.361951 0.589503 0.200000
1.362281 0.589382 0.200000
1.362613 0.589260 0.200000
1.362942 0.589139 0.200000
1.363271 0.589017 0.200000
1.363599 0.588896 0.200000
1.363930 0.588773 0.200000
1.364258 0.588651 0.200000
1.364588 0.588529 0.200000
1.364915 0.588407 0.200000
1.365267 0.588275 0.200000
1.365572 0.588161 0.200000
1.365898 0.588038 0.200000
1.366247 0.587907 0.200000
1.366551 0.587793 0.200000
1.366900 0.587661 0.200000
1.367207 0.587544 0.200000
1.367529 0.587422 0.200000
1.367857 0.587297 0.200000
1.368205 0.587165 0.200000
1.368506 0.587050 0.200000
1.369159 0.586800 0.200000
1.369483 0.586675 0.200000
1.369806 0.586551 0.200000
1.370161 0.586414 0.200000
1.370454 0.586301 0.200000
1.370779 0.586175 0.200000
1.371098 0.586051 0.200000
1.371423 0.585925 0.200000
1.371747 0.585798 0.200000
1.372068 0.585673 0.200000
1.372389 0.585547 0.200000
1.372710 0.585422 0.200000
1.373033 0.585295 0.200000
1.373356 0.585167 0.200000
1.373675 0.585041 0.200000
1.373995 0.584915 0.200000
1.374314 0.584788 0.200000
1.374636 0.584661 0.200000
1.374957 0.584533 0.200000
1.375273 0.584407 0.200000
1.375594 0.584279 0.200000
1.375914 0.584151 0.200000
1.376231 0.584024 0.200000
1.376549 0.583896 0.200000
1.376868 0.583767 0.200000
1.377186 0.583639 0.200000
1.377504 0.583511 0.200000
1.377820 0.583383 0.200000
1.378139 0.583253 0.200000
1.378435 0.583133 0.200000
1.378769 0.582997 0.200000
1.379088 0.582867 0.200000
1.379404 0.582738 0.200000
1.379727 0.582605 0.200000
1.380050 0.582473 0.200000
1.380373 0.582340 0.200000
1.380696 0.582207 0.200000
1.381018 0.582074 0.200000
1.381341 0.581940 0.200000
1.381663 0.581806 0.200000
1.381986 0.581672 0.200000
1.382308 0.581538 0.200000
1.382469 0.581471 0.200000
1.382791 0.581337 0.200000
1.383113 0.581202 0.200000
1.383435 0.581067 0.200000
1.383757 0.580932 0.200000
1.384079 0.580797 0.200000
1.384400 0.580661 0.200000
1.384722 0.580525 0.200000
1.385043 0.580389 0.200000
1.385365 0.580253 0.200000
1.385686 0.580116 0.200000
1.386007 0.579980 0.200000
1.386328 0.579843 0.200000
1.386615 0.579720 0.200000
1.386926 0.579587 0.200000
1.387233 0.579455 0.200000
1.387543 0.579322 0.200000
1.387850 0.579190 0.200000
1.388159 0.579057 0.200000
1.388464 0.578925 0.200000
1.388771 0.578792 0.200000
1.389384 0.578526 0.200000
1.389694 0.578391 0.200000
1.390014 0.578252 0.200000
1.390333 0.578112 0.200000
1.390653 0.577972 0.200000
1.390973 0.577832 0.200000
1.391292 0.577691 0.200000
1.391452 0.577621 0.200000
1.391772 0.577480 0.200000
1.392091 0.577339 0.200000
1.392410 0.577198 0.200000
1.392729 0.577057 0.200000
1.393048 0.576915 0.200000
1.393367 0.576773 0.200000
1.393682 0.576633 0.200000
1.393982 0.576499 0.200000
1.394283 0.576364 0.200000
1.394585 0.576229 0.200000
1.394889 0.576093 0.200000
1.395188 0.575958 0.200000
1.395487 0.575824 0.200000
1.395790 0.575687 0.200000
1.396091 0.575551 0.200000
1.396392 0.575414 0.200000
1.396710 0.575270 0.200000
1.397028 0.575126 0.200000
1.397346 0.574981 0.200000
1.397663 0.574836 0.200000
1.397822 0.574764 0.200000
1.398139 0.574619 0.200000
1.398457 0.574473 0.200000
1.398774 0.574328 0.200000
1.399091 0.574182 0.200000
1.399408 0.574036 0.200000
1.399703 0.573900 0.200000
1.399998 0.573763 0.200000
1.400295 0.573626 0.200000
1.400593 0.573487 0.200000
1.400885 0.573351 0.200000
1.401183 0.573213 0.200000
1.401466 0.573081 0.200000
1.401782 0.572933 0.200000
1.402099 0.572785 0.200000
1.402415 0.572637 0.200000
1.402731 0.572488 0.200000
1.402889 0.572414 0.200000
1.403204 0.572265 0.200000
1.403520 0.572116 0.200000
1.403836 0.571967 0.200000
1.404150 0.571818 0.200000
1.404445 0.571678 0.200000
1.404737 0.571540 0.200000
1.405026 0.571402 0.200000
1.405315 0.571264 0.200000
1.405611 0.571123 0.200000
1.405895 0.570987 0.200000
1.406199 0.570841 0.200000
1.406514 0.570690 0.200000
1.406828 0.570539 0.200000
1.406986 0.570463 0.200000
1.407300 0.570312 0.200000
1.407614 0.570160 0.200000
1.407928 0.570008 0.200000
1.408536 0.569713 0.200000
1.408824 0.569573 0.200000
1.409109 0.569435 0.200000
1.409396 0.569294 0.200000
1.409685 0.569153 0.200000
1.409968 0.569014 0.200000
1.410282 0.568861 0.200000
1.410595 0.568707 0.200000
1.410752 0.568630 0.200000
1.411065 0.568476 0.200000
1.411378 0.568321 0.200000
1.411691 0.568166 0.200000
1.412004 0.568012 0.200000
1.412281 0.567874 0.200000
1.412571 0.567730 0.200000
1.412850 0.567591 0.200000
1.413135 0.567449 0.200000
1.413410 0.567312 0.200000
1.413722 0.567156 0.200000
1.414034 0.567000 0.200000
1.414190 0.566921 0.200000
1.414502 0.566765 0.200000
1.414814 0.566608 0.200000
1.415126 0.566451 0.200000
1.415426 0.566299 0.200000
1.415707 0.566157 0.200000
1.415984 0.566017 0.200000
1.416264 0.565875 0.200000
1.416527 0.565741 0.200000
1.416838 0.565583 0.200000
1.417149 0.565425 0.200000
1.417305 0.565345 0.200000
1.417616 0.565187 0.200000
1.417926 0.565028 0.200000
1.418237 0.564868 0.200000
1.418529 0.564719 0.200000
1.418807 0.564575 0.200000
1.419080 0.564435 0.200000
1.419358 0.564291 0.200000
1.419635 0.564148 0.200000
1.419943 0.563989 0.200000
1.420253 0.563828 0.200000
1.420408 0.563748 0.200000
1.420718 0.563587 0.200000
1.421028 0.563426 0.200000
1.421320 0.563273 0.200000
1.421597 0.563129 0.200000
1.421874 0.562984 0.200000
1.422140 0.562844 0.200000
1.422420 0.562698 0.200000
1.422729 0.562535 0.200000
1.422883 0.562454 0.200000
1.423192 0.562291 0.200000
1.423501 0.562128 0.200000
1.423809 0.561965 0.200000
1.424086 0.561819 0.200000
1.424358 0.561674 0.200000
1.424629 0.561530 0.200000
1.424900 0.561386 0.200000
1.425196 0.561229 0.200000
1.425504 0.561064 0.200000
1.425658 0.560982 0.200000
1.425966 0.560817 0.200000
1.426581 0.560488 0.200000
1.426821 0.560359 0.200000
1.427089 0.560214 0.200000
1.427350 0.560074 0.200000
1.427657 0.559908 0.200000
1.427964 0.559742 0.200000
1.428118 0.559659 0.200000
1.428424 0.559493 0.200000
1.428730 0.559327 0.200000
1.428998 0.559181 0.200000
1.429264 0.559036 0.200000
1.429528 0.558892 0.200000
1.429804 0.558741 0.200000
1.430110 0.558574 0.200000
1.430263 0.558490 0.200000
1.430569 0.558322 0.200000
1.430875 0.558154 0.200000
1.431155 0.558000 0.200000
1.431415 0.557857 0.200000
1.431682 0.557710 0.200000
1.431945 0.557564 0.200000
1.432251 0.557395 0.200000
1.432403 0.557311 0.200000
1.432709 0.557141 0.200000
1.433014 0.556972 0.200000
1.433288 0.556819 0.200000
1.433554 0.556671 0.200000
1.433810 0.556528 0.200000
1.434081 0.556377 0.200000
1.434385 0.556206 0.200000
1.434538 0.556121 0.200000
1.434842 0.555950 0.200000
1.435146 0.555779 0.200000
1.435406 0.555633 0.200000
1.435669 0.555485 0.200000
1.435906 0.555350 0.200000
1.436210 0.555179 0.200000
1.436514 0.555007 0.200000
1.436666 0.554921 0.200000
1.436970 0.554748 0.200000
1.437253 0.554587 0.200000
1.437508 0.554442 0.200000
1.437760 0.554298 0.200000
1.438031 0.554143 0.200000
1.438334 0.553970 0.200000
1.438486 0.553884 0.200000
1.438789 0.553710 0.200000
1.439079 0.553543 0.200000
1.439333 0.553397 0.200000
1.439592 0.553248 0.200000
1.439847 0.553101 0.200000
1.440150 0.552926 0.200000
1.440301 0.552839 0.200000
1.440603 0.552664 0.200000
1.440890 0.552498 0.200000
1.441149 0.552347 0.200000
1.441398 0.552202 0.200000
1.441659 0.552050 0.200000
1.441961 0.551875 0.200000
1.442112 0.551787 0.200000
1.442413 0.551610 0.200000
1.442693 0.551446 0.200000
1.442943 0.551300 0.200000
1.443467 0.550992 0.200000
1.443618 0.550904 0.200000
1.443918 0.550727 0.200000
1.444219 0.550549 0.200000
1.444485 0.550392 0.200000
1.444727 0.550249 0.200000
1.444975 0.550102 0.200000
1.445270 0.549927 0.200000
1.445420 0.549838 0.200000
1.445720 0.549659 0.200000
1.446006 0.549489 0.200000
1.446252 0.549343 0.200000
1.446497 0.549196 0.200000
1.446769 0.549033 0.200000
1.446919 0.548944 0.200000
1.447219 0.548764 0.200000
1.447518 0.548584 0.200000
1.447765 0.548436 0.200000
1.448009 0.548289 0.200000
1.448266 0.548134 0.200000
1.448415 0.548044 0.200000
1.448714 0.547864 0.200000
1.449012 0.547683 0.200000
1.449311 0.547502 0.200000
1.449505 0.547384 0.200000
1.449759 0.547230 0.200000
1.450057 0.547049 0.200000
1.450206 0.546958 0.200000
1.450504 0.546776 0.200000
1.450758 0.546621 0.200000
1.451001 0.546472 0.200000
1.451248 0.546321 0.200000
1.451546 0.546138 0.200000
1.451695 0.546047 0.200000
1.451992 0.545864 0.200000
1.452239 0.545712 0.200000
1.452477 0.545565 0.200000
1.452735 0.545406 0.200000
1.452883 0.545314 0.200000
1.453180 0.545131 0.200000
1.453477 0.544947 0.200000
1.453707 0.544804 0.200000
1.453952 0.544652 0.200000
1.454218 0.544486 0.200000
1.454366 0.544394 0.200000
1.454663 0.544210 0.200000
1.454959 0.544025 0.200000
1.455173 0.543890 0.200000
1.455404 0.543746 0.200000
1.455698 0.543562 0.200000
1.455846 0.543469 0.200000
1.456142 0.543283 0.200000
1.456387 0.543129 0.200000
1.456624 0.542980 0.200000
1.456880 0.542818 0.200000
1.457028 0.542725 0.200000
1.457323 0.542538 0.200000
1.457618 0.542351 0.200000
1.457834 0.542214 0.200000
1.458060 0.542071 0.200000
1.458354 0.541884 0.200000
1.458502 0.541790 0.200000
1.458796 0.541602 0.200000
1.459238 0.541321 0.200000
1.459532 0.541133 0.200000
1.459679 0.541039 0.200000
1.459973 0.540850 0.200000
1.460266 0.540662 0.200000
1.460451 0.540543 0.200000
1.460707 0.540378 0.200000
1.460853 0.540284 0.200000
1.461147 0.540095 0.200000
1.461415 0.539921 0.200000
1.461638 0.539777 0.200000
1.461879 0.539621 0.200000
1.462026 0.539526 0.200000
1.462319 0.539336 0.200000
1.462591 0.539159 0.200000
1.462822 0.539009 0.200000
1.463050 0.538860 0.200000
1.463343 0.538669 0.200000
1.463489 0.538574 0.200000
1.463781 0.538383 0.200000
1.463989 0.538246 0.200000
1.464219 0.538096 0.200000
1.464365 0.538000 0.200000
1.464657 0.537808 0.200000
1.464933 0.537626 0.200000
1.465149 0.537484 0.200000
1.465385 0.537328 0.200000
1.465531 0.537232 0.200000
1.465822 0.537040 0.200000
1.466113 0.536847 0.200000
1.466310 0.536717 0.200000
1.466550 0.536558 0.200000
1.466695 0.536461 0.200000
1.466986 0.536268 0.200000
1.467244 0.536096 0.200000
1.467455 0.535955 0.200000
1.467712 0.535784 0.200000
1.467857 0.535687 0.200000
1.468147 0.535493 0.200000
1.468380 0.535337 0.200000
1.468582 0.535201 0.200000
1.468872 0.535007 0.200000
1.469017 0.534909 0.200000
1.469303 0.534717 0.200000
1.469524 0.534567 0.200000
1.469741 0.534422 0.200000
1.469885 0.534324 0.200000
1.470174 0.534128 0.200000
1.470441 0.533948 0.200000
1.470608 0.533835 0.200000
1.470897 0.533639 0.200000
1.471041 0.533541 0.200000
1.471330 0.533344 0.200000
1.471561 0.533187 0.200000
1.471769 0.533045 0.200000
1.472051 0.532853 0.200000
1.472195 0.532754 0.200000
1.472468 0.532568 0.200000
1.472675 0.532426 0.200000
1.472915 0.532261 0.200000
1.473059 0.532162 0.200000
1.473346 0.531965 0.200000
